2 0.294458 0.439832 0.128538 0.180294
2 0.413561 0.579213 0.128538 0.190840
0 0.226061 0.662474 0.064858 0.134172
0 0.302712 0.803983 0.093160 0.207547
0 0.550943 0.556604 0.056604 0.102725
0 0.243160 0.504193 0.061321 0.094340
1 0.495774 0.540822 0.034395 0.073958
1 0.536065 0.433962 0.015396 0.061728
1 0.551461 0.490450 0.016706 0.039599
1 0.689042 0.617642 0.034470 0.083857
1 0.738026 0.654733 0.027213 0.099984
1 0.784742 0.685373 0.040820 0.106434
1 0.836901 0.716014 0.029028 0.119336
1 0.748911 0.406386 0.016328 0.054830
1 0.743922 0.316078 0.024492 0.048379
1 0.772043 0.399129 0.019049 0.069344
1 0.798803 0.409611 0.018142 0.048379
1 0.759343 0.482180 0.019049 0.038703
1 0.771136 0.568457 0.020864 0.095146
1 0.588353 0.543461 0.014514 0.064506
1 0.081731 0.374940 0.019049 0.053217
0 0.630533 0.557975 0.053520 0.080632
0 0.573839 0.419287 0.041727 0.054830
0 0.186049 0.418481 0.046263 0.072569
0 0.224147 0.396710 0.033563 0.061280
0 0.554790 0.454765 0.056241 0.080632
2 0.560232 0.793420 0.143324 0.203193
2 0.186956 0.327367 0.055334 0.070956