0 0.437736 0.324528 0.073113 0.197065
0 0.402358 0.575052 0.068396 0.287212
0 0.395283 0.133753 0.058962 0.176101
0 0.466038 0.123270 0.058962 0.188679
0 0.092807 0.288889 0.079009 0.142558
0 0.144693 0.922222 0.083726 0.155556
0 0.515566 0.647379 0.063679 0.272537
1 0.573349 0.575052 0.023585 0.144654
1 0.644104 0.767925 0.042453 0.153040
1 0.707193 0.753249 0.036557 0.140461
1 0.734316 0.849686 0.031840 0.174004
1 0.692453 0.611740 0.030660 0.109015
1 0.684198 0.448218 0.028302 0.100629
1 0.706014 0.413627 0.029481 0.102725
1 0.695991 0.274214 0.033019 0.096436
1 0.657665 0.299371 0.022406 0.079665
1 0.612264 0.268973 0.028302 0.094340
1 0.628184 0.163103 0.020047 0.067086
1 0.640566 0.108595 0.030660 0.079665
1 0.611085 0.067715 0.018868 0.060797
1 0.641156 0.043606 0.027123 0.075472
1 0.316863 0.663103 0.029481 0.127883
1 0.322170 0.536268 0.030660 0.109015
1 0.342217 0.450314 0.028302 0.088050
2 0.365802 0.362264 0.023585 0.100629
2 0.619929 0.406289 0.081368 0.218029
1 0.660613 0.212369 0.018868 0.081761