2 0.538561 0.756394 0.187500 0.226415
2 0.352830 0.492243 0.148585 0.201258
0 0.317453 0.630608 0.096698 0.113208
0 0.221344 0.496436 0.069575 0.104822
0 0.252005 0.450314 0.055425 0.071279
2 0.181840 0.390566 0.061321 0.085954
2 0.220755 0.361216 0.056604 0.094340
1 0.111085 0.497484 0.042453 0.098532
1 0.056840 0.298323 0.037736 0.039832
1 0.685967 0.624319 0.041274 0.113208
1 0.738443 0.649476 0.033019 0.067086
1 0.782665 0.676730 0.027123 0.092243
1 0.835731 0.710273 0.027123 0.096436
1 0.806250 0.653669 0.024764 0.092243
1 0.787972 0.601258 0.028302 0.088050
1 0.762028 0.549895 0.021226 0.081761
1 0.764387 0.473375 0.028302 0.062893
1 0.588679 0.537317 0.021226 0.094340
0 0.550354 0.551992 0.050708 0.098532
0 0.560967 0.450314 0.045991 0.096436
0 0.625825 0.548847 0.041274 0.113208
0 0.626415 0.411530 0.040094 0.048218
1 0.820991 0.424109 0.037736 0.048218
0 0.247288 0.937945 0.145047 0.124109