0 0.106368 0.278407 0.080189 0.159329
0 0.220755 0.477568 0.089623 0.197065
0 0.401179 0.821384 0.094340 0.335430
0 0.442453 0.474423 0.080189 0.236897
0 0.397641 0.188260 0.049528 0.184486
0 0.464269 0.213417 0.060142 0.180294
1 0.618160 0.113836 0.028302 0.090147
1 0.648821 0.067715 0.030660 0.077568
1 0.651769 0.168344 0.029481 0.077568
1 0.632901 0.227044 0.015330 0.098532
1 0.660613 0.278407 0.018868 0.100629
1 0.606368 0.351782 0.033019 0.092243
1 0.653538 0.374843 0.028302 0.100629
1 0.694811 0.343396 0.023585 0.113208
1 0.706014 0.460797 0.034198 0.058700
1 0.692453 0.525786 0.044811 0.113208
1 0.694811 0.702935 0.025943 0.140461
1 0.706014 0.884277 0.038915 0.150943
1 0.740212 0.863312 0.027123 0.155136
1 0.354009 0.411530 0.025943 0.094340
1 0.355189 0.565618 0.030660 0.150943
1 0.315684 0.556184 0.027123 0.098532
1 0.320401 0.676730 0.036557 0.104822
2 0.620519 0.524738 0.099057 0.220126