2 0.213679 0.455556 0.068396 0.111111
2 0.264387 0.427254 0.063679 0.117400
2 0.432429 0.593920 0.213443 0.278826
0 0.627594 0.556184 0.044811 0.069182
0 0.565094 0.459748 0.037736 0.085954
0 0.547995 0.547799 0.048349 0.081761
0 0.301533 0.528931 0.067217 0.073375
0 0.262618 0.661006 0.086085 0.144654
0 0.468396 0.846541 0.139151 0.167715
0 0.111085 0.301467 0.042453 0.041929
0 0.624646 0.397904 0.034198 0.058700
1 0.840448 0.723899 0.031840 0.127883
1 0.740212 0.664151 0.034198 0.083857
1 0.687146 0.634801 0.022406 0.117400
1 0.588090 0.535220 0.015330 0.090147
1 0.745519 0.414675 0.009434 0.067086
1 0.831014 0.444025 0.038915 0.037736
1 0.965448 0.616981 0.024764 0.069182
1 0.782665 0.670440 0.024764 0.092243
1 0.805071 0.644235 0.022406 0.094340
1 0.772641 0.566667 0.018868 0.060797
1 0.172995 0.748008 0.029481 0.096436
1 0.077476 0.361216 0.031840 0.052411
1 0.010259 0.273166 0.010613 0.044025
1 0.634080 0.275262 0.022406 0.031447