0 0.443042 0.772117 0.095519 0.283019
0 0.464858 0.384277 0.082547 0.224319
0 0.397641 0.249057 0.058962 0.163522
0 0.220165 0.477568 0.081368 0.230608
2 0.628184 0.675681 0.086085 0.274633
1 0.714269 0.763732 0.043632 0.140461
1 0.690094 0.936688 0.033019 0.121593
1 0.705425 0.598113 0.033019 0.136268
1 0.607547 0.474423 0.023585 0.098532
1 0.593396 0.034382 0.018868 0.068763
1 0.625236 0.058281 0.014151 0.071279
1 0.650000 0.145283 0.016509 0.106918
1 0.620519 0.184067 0.018868 0.092243
1 0.665330 0.239623 0.011792 0.081761
1 0.634670 0.288889 0.011792 0.117400
1 0.658255 0.359119 0.014151 0.102725
1 0.694222 0.419916 0.022406 0.123690
1 0.651179 0.475472 0.035377 0.104822
1 0.358726 0.623270 0.037736 0.119497
1 0.317453 0.556184 0.035377 0.094340
1 0.320991 0.678826 0.028302 0.092243
1 0.345165 0.920126 0.048349 0.159748