2 0.582193 0.744864 0.324292 0.429769
0 0.339858 0.933753 0.141509 0.132494
0 0.554481 0.542558 0.042453 0.088050
0 0.623467 0.551992 0.057783 0.077568
0 0.552712 0.450314 0.050708 0.067086
0 0.359906 0.649476 0.084906 0.138365
1 0.835141 0.716562 0.028302 0.104822
0 0.743160 0.342348 0.033019 0.060797
0 0.128184 0.321384 0.041274 0.056604
2 0.261439 0.528931 0.081368 0.136268
2 0.320401 0.477568 0.067217 0.142558
1 0.782075 0.677778 0.025943 0.102725
1 0.804481 0.647379 0.023585 0.096436
1 0.786203 0.602306 0.008255 0.102725
1 0.769104 0.585535 0.025943 0.069182
1 0.764387 0.540461 0.014151 0.079665
1 0.827476 0.445073 0.031840 0.056604
1 0.750825 0.454507 0.029481 0.054507
1 0.738443 0.645283 0.023585 0.071279
1 0.686557 0.619078 0.023585 0.094340
1 0.585141 0.531027 0.014151 0.090147
1 0.099882 0.447170 0.038915 0.081761
1 0.036203 0.261635 0.027123 0.054507
1 0.030896 0.186164 0.014151 0.029350
1 0.049764 0.180922 0.016509 0.023061
1 0.704245 0.298323 0.021226 0.018868