0 0.507311 0.902306 0.136792 0.195388
1 0.739033 0.647379 0.020047 0.071279
1 0.780896 0.683019 0.033019 0.083857
1 0.834552 0.707128 0.024764 0.102725
1 0.800943 0.645283 0.028302 0.083857
1 0.769693 0.600210 0.020047 0.048218
1 0.768514 0.554088 0.020047 0.052411
1 0.752594 0.460797 0.023585 0.054507
1 0.816863 0.448218 0.024764 0.050314
1 0.686557 0.627463 0.023585 0.077568
1 0.788561 0.610692 0.024764 0.060797
1 0.589858 0.540461 0.023585 0.067086
1 0.499057 0.549895 0.037736 0.052411
1 0.648231 0.330818 0.015330 0.033543
1 0.740802 0.271069 0.011792 0.027254
1 0.161792 0.654717 0.044811 0.098532
1 0.219575 0.299371 0.016509 0.041929
1 0.044458 0.238574 0.020047 0.029350
0 0.628184 0.558281 0.045991 0.085954
0 0.555660 0.539413 0.049528 0.081761
0 0.556250 0.450314 0.043632 0.054507
0 0.572759 0.423061 0.027123 0.050314
0 0.628184 0.404193 0.038915 0.029350
0 0.174175 0.388470 0.031840 0.035639
0 0.145873 0.346541 0.055425 0.064990
2 0.335731 0.653669 0.097877 0.176101
2 0.390566 0.599161 0.108491 0.167715
2 0.559788 0.709224 0.126179 0.228512
2 0.628184 0.495388 0.048349 0.081761