2 0.765566 0.887631 0.205189 0.224738
2 0.480778 0.881342 0.173349 0.237316
2 0.513208 0.740671 0.160377 0.249476
2 0.628184 0.470231 0.067217 0.073375
0 0.116981 0.275262 0.054245 0.077568
0 0.559788 0.447170 0.048349 0.073375
0 0.577476 0.397904 0.041274 0.046122
0 0.555071 0.544654 0.050708 0.075472
0 0.210141 0.445073 0.037736 0.060797
0 0.170637 0.382180 0.041274 0.069182
1 0.051533 0.234382 0.020047 0.041929
1 0.069222 0.225996 0.010613 0.058700
0 0.626415 0.557233 0.066038 0.083857
0 0.796226 0.422013 0.061321 0.052411
0 0.628184 0.403145 0.038915 0.031447
1 0.494340 0.540461 0.040094 0.083857
1 0.395873 0.731237 0.055425 0.104822
1 0.683608 0.614885 0.022406 0.081761
1 0.743160 0.655765 0.023585 0.071279
1 0.785024 0.679874 0.020047 0.077568
1 0.803302 0.657862 0.025943 0.083857
1 0.836910 0.711321 0.017689 0.090147
1 0.792689 0.609644 0.018868 0.071279
1 0.767925 0.600210 0.021226 0.060797
1 0.775590 0.558281 0.031840 0.056604
1 0.616391 0.365409 0.022406 0.031447
1 0.662972 0.304612 0.023585 0.018868
1 0.755542 0.267925 0.024764 0.012579
1 0.793868 0.463941 0.025943 0.064990