0 0.119340 0.408386 0.087264 0.171908
0 0.180071 0.176730 0.069575 0.161426
0 0.452476 0.335010 0.055425 0.176101
0 0.393514 0.624319 0.069575 0.234801
0 0.482547 0.079245 0.056604 0.142558
0 0.549764 0.116981 0.051887 0.129979
0 0.405307 0.120126 0.053066 0.148847
1 0.176533 0.512159 0.024764 0.115304
1 0.315094 0.572956 0.028302 0.102725
1 0.287972 0.840252 0.044811 0.180294
1 0.695991 0.820335 0.047170 0.148847
1 0.671226 0.635849 0.040094 0.127883
1 0.682429 0.501677 0.031840 0.098532
1 0.638208 0.426205 0.037736 0.094340
1 0.671816 0.350734 0.022406 0.123690
1 0.606958 0.234382 0.024764 0.125786
1 0.647052 0.186164 0.045991 0.104822