2 0.262028 0.376939 0.080189 0.125786
2 0.355778 0.475472 0.137972 0.209644
2 0.629363 0.533124 0.062500 0.115304
2 0.612264 0.339203 0.051887 0.113208
2 0.289741 0.721803 0.079009 0.182390
0 0.184198 0.404193 0.037736 0.067086
0 0.241981 0.493291 0.058962 0.056604
0 0.234316 0.590776 0.055425 0.083857
0 0.581604 0.478616 0.040094 0.073375
0 0.686557 0.487002 0.047170 0.077568
0 0.724882 0.563522 0.045991 0.079665
0 0.535613 0.346541 0.033019 0.039832
0 0.562736 0.304612 0.035377 0.031447
0 0.649410 0.338155 0.022406 0.039832
0 0.669458 0.357023 0.027123 0.023061
0 0.660024 0.374843 0.038915 0.037736
0 0.670047 0.430398 0.047170 0.060797
1 0.443042 0.438784 0.022406 0.056604
1 0.813325 0.652621 0.027123 0.077568
1 0.763208 0.616981 0.009434 0.098532
1 0.786792 0.596017 0.014151 0.073375
1 0.763797 0.558281 0.010613 0.048218
1 0.691274 0.602306 0.021226 0.085954
1 0.528538 0.524738 0.023585 0.064990
1 0.539151 0.588679 0.033019 0.079665
1 0.206604 0.325577 0.023585 0.035639
1 0.740802 0.297275 0.009434 0.025157
1 0.759670 0.376939 0.016509 0.046122
1 0.785024 0.434591 0.010613 0.056604
1 0.756132 0.519497 0.021226 0.029350
1 0.780896 0.528931 0.009434 0.052411