1 0.164741 0.380084 0.022406 0.069182
1 0.529717 0.519497 0.021226 0.075472
1 0.540920 0.584486 0.022406 0.092243
1 0.691274 0.606499 0.023585 0.077568
1 0.672995 0.562474 0.022406 0.077568
1 0.756722 0.620126 0.024764 0.100629
1 0.807429 0.648428 0.015330 0.102725
1 0.779127 0.602306 0.008255 0.085954
1 0.787972 0.460797 0.009434 0.058700
1 0.745519 0.349686 0.018868 0.041929
1 0.760259 0.301467 0.010613 0.041929
1 0.743750 0.323480 0.015330 0.031447
1 0.615212 0.440880 0.012972 0.048218
1 0.756132 0.547799 0.025943 0.044025
1 0.735495 0.516352 0.015330 0.035639
2 0.623467 0.532075 0.055425 0.117400
2 0.602830 0.337107 0.040094 0.121593
2 0.164151 0.265828 0.068396 0.096436
0 0.718986 0.563522 0.045991 0.075472
0 0.685967 0.480713 0.045991 0.069182
0 0.661643 0.429935 0.049230 0.073375
0 0.639083 0.398952 0.024193 0.044025
0 0.646462 0.341300 0.028302 0.046122
0 0.740802 0.284696 0.028302 0.029350
0 0.009552 0.203983 0.019104 0.031447
0 0.025000 0.216562 0.025943 0.031447
0 0.580425 0.476520 0.037736 0.069182
0 0.582193 0.433543 0.034198 0.037736
0 0.579835 0.397904 0.029481 0.041929
0 0.659105 0.373386 0.025757 0.047446
0 0.667484 0.359594 0.023895 0.046342