0 0.182429 0.295597 0.034198 0.033543
0 0.216038 0.433962 0.049528 0.058700
0 0.249646 0.537736 0.057783 0.098532
0 0.549175 0.545073 0.050708 0.088050
0 0.626415 0.552411 0.044811 0.085954
0 0.551533 0.443396 0.038915 0.069182
0 0.571580 0.410901 0.027123 0.058700
0 0.625825 0.397275 0.031840 0.048218
1 0.739033 0.647799 0.029481 0.067086
1 0.685377 0.616352 0.018868 0.083857
1 0.592217 0.529350 0.014151 0.094340
1 0.525590 0.475891 0.020047 0.058700
1 0.491981 0.542977 0.030660 0.075472
1 0.604009 0.346960 0.018868 0.044025
1 0.712500 0.286164 0.014151 0.052411
1 0.776179 0.471698 0.023585 0.054507
1 0.775000 0.555556 0.023585 0.067086
1 0.758491 0.628931 0.016509 0.062893
1 0.790920 0.681342 0.036557 0.096436
1 0.808608 0.643606 0.012972 0.075472
1 0.838090 0.706499 0.022406 0.121593
1 0.081604 0.247379 0.016509 0.020964
1 0.112264 0.247379 0.007075 0.020964
0 0.863443 0.506289 0.068396 0.094340