0 0.393514 0.306080 0.060142 0.213836
0 0.481368 0.208595 0.056604 0.165618
0 0.554481 0.294549 0.058962 0.169811
0 0.446580 0.592243 0.069575 0.220126
0 0.204835 0.090147 0.048349 0.125786
1 0.129363 0.126834 0.034198 0.081761
1 0.070401 0.315514 0.043632 0.081761
1 0.073349 0.471698 0.040094 0.100629
1 0.312146 0.660377 0.048349 0.125786
1 0.287972 0.862683 0.037736 0.157233
1 0.731368 0.809224 0.049528 0.142558
1 0.669458 0.694969 0.043632 0.127883
1 0.690094 0.562893 0.035377 0.119497
1 0.627005 0.430818 0.036557 0.098532
1 0.649410 0.307128 0.029481 0.090147
1 0.465448 0.052411 0.027123 0.075472
1 0.429481 0.151992 0.021226 0.094340