1 0.105778 0.284067 0.015330 0.044025
1 0.683019 0.623690 0.021226 0.081761
1 0.588679 0.538784 0.016509 0.067086
1 0.599292 0.409853 0.011792 0.039832
1 0.572170 0.381551 0.016509 0.025157
1 0.522052 0.510482 0.017689 0.069182
1 0.489623 0.548218 0.014151 0.060797
1 0.773231 0.481132 0.024764 0.056604
1 0.675943 0.312369 0.014151 0.050314
1 0.602241 0.285115 0.015330 0.033543
1 0.737854 0.647799 0.027123 0.083857
1 0.764976 0.635220 0.015330 0.092243
1 0.804481 0.644654 0.023585 0.073375
1 0.785613 0.684486 0.023585 0.106918
1 0.777948 0.571279 0.017689 0.069182
1 0.835731 0.714885 0.029481 0.113208
0 0.624646 0.549266 0.043632 0.079665
0 0.550943 0.544025 0.054245 0.085954
0 0.556250 0.453878 0.036557 0.056604
0 0.628184 0.402516 0.029481 0.037736
0 0.300943 0.659329 0.087264 0.127883
0 0.277948 0.519916 0.074292 0.104822
0 0.243750 0.310273 0.048349 0.058700
0 0.963561 0.645702 0.072877 0.125786