2 0.232976 0.342328 0.060714 0.093122
2 0.141310 0.490476 0.096429 0.232804
2 0.052619 0.266138 0.054762 0.110053
2 0.601429 0.359259 0.035714 0.101587
2 0.726429 0.425926 0.071429 0.141799
2 0.516905 0.829894 0.290476 0.340212
2 0.101429 0.778307 0.159524 0.410582
2 0.466310 0.368783 0.096429 0.179894
2 0.816310 0.253439 0.041667 0.050794
2 0.716905 0.237566 0.052381 0.048677
2 0.028810 0.133862 0.009524 0.019048
0 0.040714 0.410053 0.042857 0.063492
0 0.605000 0.528571 0.083333 0.143915
0 0.581786 0.436508 0.027381 0.027513
0 0.634762 0.468254 0.033333 0.044444
0 0.683571 0.480952 0.052381 0.086772
0 0.659762 0.388889 0.023810 0.050794
0 0.637738 0.416402 0.025000 0.042328
0 0.685952 0.303175 0.026190 0.027513
0 0.648452 0.314815 0.025000 0.042328
0 0.765714 0.238624 0.021429 0.012698
0 0.718095 0.581481 0.050000 0.067725
0 0.201429 0.252381 0.033333 0.027513
0 0.632976 0.273545 0.022619 0.023280
1 0.427619 0.519048 0.019048 0.035979
1 0.291310 0.391005 0.013095 0.038095
1 0.808571 0.667196 0.030952 0.061376
1 0.779405 0.615344 0.020238 0.050794
1 0.785952 0.517989 0.019048 0.029630
1 0.534762 0.610053 0.033333 0.044444
1 0.795476 0.432275 0.009524 0.035979
1 0.753214 0.301058 0.015476 0.023280