2 0.056786 0.552910 0.108333 0.268783
2 0.107976 0.402646 0.096429 0.213757
2 0.414524 0.647090 0.121429 0.372487
2 0.499643 0.335979 0.075000 0.131217
2 0.731786 0.412169 0.082143 0.114286
2 0.601429 0.344444 0.030952 0.101587
2 0.045476 0.233333 0.042857 0.086772
2 0.234762 0.327513 0.069048 0.080423
2 0.816310 0.249206 0.041667 0.042328
1 0.129405 0.765608 0.053571 0.097354
1 0.298452 0.720106 0.044048 0.103704
1 0.294286 0.392063 0.023810 0.027513
1 0.435952 0.425926 0.014286 0.027513
1 0.537738 0.608995 0.041667 0.059259
1 0.524643 0.545503 0.025000 0.059259
1 0.807381 0.665079 0.023810 0.061376
1 0.755000 0.644974 0.023810 0.067725
1 0.686548 0.625926 0.020238 0.063492
1 0.671071 0.576190 0.027381 0.040212
1 0.762143 0.575132 0.016667 0.050794
1 0.765714 0.527513 0.011905 0.023280
1 0.874643 0.537037 0.025000 0.046561
0 0.649643 0.358201 0.025000 0.057143
0 0.662143 0.444974 0.026190 0.069841
0 0.582976 0.496825 0.034524 0.063492
0 0.580000 0.436508 0.026190 0.035979
0 0.716905 0.585714 0.038095 0.084656
0 0.679405 0.284127 0.029762 0.035979
0 0.679405 0.328571 0.013095 0.006349
0 0.716905 0.277778 0.023810 0.014815
0 0.088333 0.228042 0.021429 0.033862
0 0.032976 0.326455 0.027381 0.031746
0 0.188333 0.370899 0.023810 0.031746
0 0.768095 0.252381 0.023810 0.031746
0 0.635357 0.426984 0.015476 0.025397