2 0.405595 0.468254 0.067857 0.230688
2 0.034167 0.407937 0.065476 0.165079
2 0.087143 0.348677 0.064286 0.135450
2 0.237143 0.330688 0.054762 0.099471
2 0.603810 0.343386 0.038095 0.120635
2 0.537738 0.323280 0.067857 0.071958
2 0.036548 0.198413 0.022619 0.038095
2 0.732381 0.414286 0.064286 0.122751
2 0.713929 0.327513 0.046429 0.055026
2 0.816905 0.250265 0.052381 0.040212
0 0.199643 0.731746 0.089286 0.122751
0 0.577024 0.482011 0.027381 0.063492
0 0.633571 0.468254 0.026190 0.061376
0 0.690714 0.482011 0.035714 0.067725
0 0.666310 0.422751 0.027381 0.050794
0 0.659762 0.373016 0.028571 0.023280
0 0.675238 0.333862 0.007143 0.042328
0 0.647262 0.346561 0.015476 0.033862
0 0.187738 0.382540 0.032143 0.059259
0 0.028214 0.270370 0.013095 0.033862
0 0.099048 0.250265 0.016667 0.027513
1 0.143095 0.856614 0.047619 0.105820
1 0.420476 0.879894 0.057143 0.084656
1 0.448452 0.715873 0.022619 0.061376
1 0.534762 0.599471 0.028571 0.048677
1 0.532381 0.539153 0.030952 0.046561
1 0.688929 0.624868 0.013095 0.065608
1 0.757976 0.643915 0.017857 0.044444
1 0.806190 0.665079 0.016667 0.048677
1 0.780000 0.620635 0.016667 0.065608
1 0.067500 0.676720 0.025000 0.067725
1 0.102024 0.745503 0.034524 0.065608
1 0.082976 0.938095 0.051190 0.099471
1 0.760357 0.571958 0.013095 0.044444
1 0.087143 0.531746 0.026190 0.044444
1 0.293690 0.384656 0.025000 0.025397
1 0.350833 0.484127 0.005952 0.063492
1 0.786548 0.516931 0.015476 0.035979
1 0.468095 0.361376 0.009524 0.029630