2 0.598325 0.346972 0.031746 0.097982
2 0.453704 0.379894 0.080247 0.177935
1 0.527337 0.529610 0.011464 0.066627
1 0.536376 0.605644 0.026014 0.055654
1 0.447531 0.702058 0.026455 0.066627
1 0.376984 0.581344 0.012346 0.043112
1 0.402778 0.518244 0.015432 0.051734
1 0.453704 0.515501 0.013228 0.057221
1 0.687742 0.622497 0.019400 0.068979
1 0.755423 0.642877 0.021605 0.065844
1 0.671429 0.584480 0.018519 0.054086
1 0.666799 0.553518 0.021605 0.043896
1 0.756526 0.572722 0.019400 0.044680
1 0.780335 0.619361 0.018519 0.062708
1 0.784480 0.522947 0.009700 0.042328
1 0.766182 0.531962 0.012787 0.030570
1 0.752513 0.535097 0.013668 0.029003
1 0.780291 0.405369 0.011905 0.029786
1 0.759127 0.359122 0.011023 0.021948
1 0.757143 0.296414 0.007937 0.018812
1 0.771914 0.282696 0.009259 0.014893
1 0.806746 0.667176 0.018959 0.054870
1 0.277866 0.384205 0.014109 0.037625
1 0.293298 0.384989 0.013228 0.039193
1 0.316446 0.383422 0.015432 0.029786
1 0.196076 0.405369 0.011023 0.023516
1 0.171825 0.404977 0.016314 0.032138
1 0.161023 0.392044 0.009700 0.017245
1 0.056085 0.573506 0.022046 0.049383
1 0.094004 0.475524 0.026455 0.032138
1 0.041534 0.493161 0.015873 0.039193
1 0.042637 0.407721 0.014550 0.034490
2 0.072839 0.299863 0.050265 0.112875
2 0.021914 0.324554 0.041005 0.102685
2 0.035362 0.182285 0.022046 0.031354
2 0.233774 0.336312 0.054674 0.112091
2 0.735979 0.447227 0.052028 0.084656
2 0.717019 0.341799 0.037037 0.080737
2 0.620679 0.554615 0.046296 0.101901
2 0.652646 0.311229 0.015873 0.032138
0 0.579674 0.438997 0.023369 0.039976
0 0.635009 0.473486 0.024691 0.057221
0 0.663668 0.431942 0.031746 0.061924
0 0.684832 0.474662 0.037037 0.042328
0 0.639638 0.412346 0.019841 0.046247
0 0.658818 0.377072 0.019400 0.043112
0 0.645811 0.344151 0.017196 0.030570
0 0.687478 0.294376 0.015873 0.017245
0 0.707319 0.266549 0.018519 0.021164
0 0.772134 0.258319 0.016755 0.018812
2 0.817769 0.246169 0.040123 0.054086
0 0.718342 0.567549 0.042328 0.087008
0 0.136472 0.517076 0.042208 0.088504
0 0.115368 0.265993 0.021645 0.036556
2 0.562446 0.287350 0.053030 0.061568
2 0.202597 0.867051 0.112554 0.240500
1 0.073268 0.767965 0.031385 0.065416
1 0.099784 0.604425 0.034632 0.061568