2 0.079405 0.362434 0.051190 0.112169
2 0.234762 0.330688 0.061905 0.103704
2 0.789524 0.680952 0.126190 0.347090
2 0.819286 0.241799 0.047619 0.035979
0 0.652619 0.706349 0.047619 0.160847
0 0.579405 0.489418 0.044048 0.078307
0 0.599048 0.422751 0.035714 0.067725
0 0.640119 0.342328 0.022619 0.042328
0 0.578810 0.289418 0.042857 0.038095
0 0.420476 0.423810 0.064286 0.048677
0 0.052024 0.255556 0.017857 0.038095
0 0.168690 0.339153 0.029762 0.035979
0 0.699643 0.371958 0.029762 0.042328
0 0.716905 0.503175 0.030952 0.084656
0 0.707976 0.426984 0.039286 0.059259
0 0.692500 0.312698 0.034524 0.033862
0 0.701429 0.944444 0.069048 0.095238
1 0.590714 0.892593 0.050000 0.110053
1 0.480000 0.569841 0.040476 0.061376
1 0.252024 0.549735 0.034524 0.033862
1 0.184167 0.597354 0.048810 0.048677
1 0.322857 0.380423 0.019048 0.021164
1 0.299643 0.385714 0.017857 0.048677
1 0.618690 0.544444 0.010714 0.040212
1 0.685952 0.610053 0.019048 0.048677
1 0.638333 0.584656 0.019048 0.035979
1 0.761548 0.471429 0.027381 0.046561
1 0.884167 0.502116 0.020238 0.044444
1 0.756190 0.309524 0.019048 0.006349
1 0.666905 0.368783 0.009524 0.023280
1 0.174048 0.394180 0.033333 0.027513