0 0.394286 0.744444 0.054762 0.232804
0 0.527619 0.660847 0.064286 0.234921
0 0.397262 0.472487 0.046429 0.226455
0 0.210952 0.377249 0.059524 0.162963
0 0.427619 0.251323 0.064286 0.165079
0 0.463333 0.089418 0.042857 0.141799
0 0.506190 0.396296 0.054762 0.201058
1 0.201429 0.912698 0.047619 0.133333
1 0.733571 0.857672 0.028571 0.124868
1 0.322262 0.573016 0.029762 0.105820
1 0.317500 0.688360 0.032143 0.086772
1 0.374643 0.162434 0.022619 0.080423
1 0.559167 0.468254 0.025000 0.078307
2 0.028810 0.142328 0.057143 0.213757
2 0.550238 0.102116 0.095238 0.188360
2 0.616905 0.316931 0.076190 0.186243
2 0.628214 0.603704 0.094048 0.336508