2 0.804405 0.842593 0.125000 0.314814
2 0.072857 0.316931 0.050000 0.101587
2 0.231786 0.330688 0.063095 0.103704
2 0.643690 0.519048 0.034524 0.099471
2 0.822857 0.240741 0.047619 0.046561
0 0.584762 0.550794 0.028571 0.086772
0 0.599643 0.465079 0.036905 0.088889
0 0.634167 0.368783 0.029762 0.044444
0 0.624643 0.326455 0.015476 0.040212
0 0.665119 0.308466 0.025000 0.029630
0 0.696071 0.404762 0.027381 0.048677
0 0.713333 0.615344 0.045238 0.122751
0 0.641310 0.429101 0.029762 0.038095
0 0.501429 0.358201 0.040476 0.044444
0 0.621667 0.268254 0.030952 0.029630
0 0.774643 0.246032 0.020238 0.031746
0 0.048452 0.236508 0.032143 0.033862
0 0.021071 0.199471 0.029762 0.027513
0 0.164524 0.341270 0.026190 0.044444
1 0.268690 0.614286 0.053571 0.044444
1 0.287143 0.570899 0.045238 0.042328
1 0.065714 0.509524 0.035714 0.029630
1 0.119881 0.476720 0.036905 0.044444
1 0.602619 0.670370 0.028571 0.050794
1 0.592500 0.854497 0.029762 0.071958
1 0.700238 0.750794 0.040476 0.067725
1 0.760952 0.539153 0.014286 0.050794
1 0.730000 0.525397 0.011905 0.035979
1 0.737738 0.440741 0.015476 0.044444
0 0.657381 0.975132 0.066667 0.046561
0 0.725238 0.288360 0.014286 0.057143
0 0.696667 0.334921 0.021429 0.023280
1 0.294286 0.377249 0.011905 0.035979