0 0.315094 0.892558 0.110849 0.214884
0 0.207783 0.486373 0.047170 0.081761
0 0.719575 0.562893 0.051887 0.100629
0 0.687146 0.491614 0.045991 0.092243
0 0.665330 0.441300 0.037736 0.092243
0 0.633491 0.462264 0.035377 0.067086
0 0.579953 0.488470 0.039151 0.073375
0 0.580425 0.438155 0.037736 0.048218
0 0.581604 0.399371 0.037736 0.037736
0 0.154717 0.356394 0.033019 0.048218
0 0.532028 0.351614 0.036321 0.041929
0 0.666226 0.247799 0.020755 0.030189
0 0.645708 0.342977 0.029717 0.046122
0 0.674717 0.346331 0.033962 0.052830
0 0.556085 0.330398 0.036321 0.047799
0 0.201321 0.256268 0.026415 0.034382
0 0.013302 0.215514 0.025472 0.039413
0 0.191368 0.410063 0.046698 0.062893
0 0.697264 0.252159 0.024528 0.035220
1 0.808962 0.661308 0.024528 0.081661
1 0.691274 0.618700 0.025943 0.066247
1 0.758255 0.635891 0.030660 0.075472
1 0.527453 0.547002 0.028302 0.046960
1 0.448443 0.494172 0.026887 0.046960
1 0.354340 0.756226 0.040566 0.081342
1 0.153396 0.284277 0.011321 0.022642
1 0.177925 0.286373 0.016038 0.033543
1 0.039245 0.175681 0.008491 0.025157
1 0.009764 0.155975 0.008019 0.019287
1 0.746462 0.357652 0.013679 0.035220
1 0.615802 0.455933 0.016509 0.040252
1 0.782406 0.610231 0.024057 0.067086
1 0.779340 0.591363 0.000000 0.007547
1 0.760236 0.570855 0.025943 0.053593
1 0.771085 0.276226 0.012736 0.031027
2 0.701179 0.775157 0.597642 0.449686
2 0.293278 0.425577 0.114387 0.178197
2 0.250236 0.561845 0.066038 0.119497
2 0.226651 0.352201 0.075472 0.136268
2 0.604599 0.346960 0.064858 0.138365
2 0.730134 0.428399 0.087083 0.164490
2 0.624002 0.538865 0.052612 0.124174
2 0.817036 0.247057 0.059869 0.066925
2 0.512473 0.296646 0.101143 0.075794
2 0.127767 0.295436 0.047623 0.081438
2 0.035241 0.151105 0.017689 0.031447