0 0.316863 0.588050 0.097877 0.150943
0 0.580094 0.484696 0.045283 0.088050
0 0.718774 0.558910 0.059434 0.107338
0 0.690000 0.480922 0.050943 0.093920
0 0.666415 0.435639 0.043396 0.078826
0 0.648491 0.345912 0.030189 0.053669
0 0.708396 0.243606 0.025472 0.031866
0 0.562925 0.318658 0.039623 0.041090
0 0.043019 0.163941 0.016038 0.021803
0 0.009528 0.196646 0.018868 0.025157
1 0.541368 0.592537 0.032547 0.066247
1 0.527925 0.542642 0.025472 0.060377
1 0.811604 0.652914 0.024528 0.066247
1 0.761132 0.624403 0.026415 0.074633
1 0.692736 0.614340 0.035849 0.069602
1 0.793585 0.435472 0.021509 0.046289
1 0.744151 0.320084 0.013208 0.025157
1 0.492736 0.328470 0.019811 0.025157
1 0.786840 0.607715 0.025000 0.063732
1 0.087830 0.245870 0.013208 0.024319
1 0.020142 0.173920 0.010849 0.017610
1 0.007170 0.125702 0.012264 0.015094
1 0.617547 0.452327 0.018868 0.041090
1 0.786415 0.487966 0.023585 0.051992
1 0.787830 0.565115 0.028302 0.051992
1 0.078160 0.234549 0.013679 0.023480
2 0.363066 0.847044 0.202358 0.305912
2 0.715613 0.808134 0.364623 0.383732
2 0.625283 0.533669 0.048113 0.124948
2 0.730236 0.419874 0.085377 0.157652
2 0.609481 0.337275 0.060849 0.129979
2 0.818679 0.241929 0.056604 0.067086
2 0.647217 0.251572 0.076887 0.066247
2 0.570802 0.258868 0.067453 0.060377
2 0.066368 0.184654 0.034434 0.047799