0 0.608726 0.744235 0.075472 0.203354
0 0.602241 0.600629 0.081368 0.125786
0 0.580425 0.457023 0.042453 0.111111
0 0.093491 0.233124 0.024528 0.042767
0 0.113302 0.280503 0.026415 0.053669
0 0.048208 0.157233 0.010377 0.033543
0 0.014717 0.132914 0.015094 0.016771
0 0.193491 0.368973 0.043396 0.059539
0 0.164717 0.333333 0.033019 0.051992
0 0.013774 0.116981 0.010377 0.015094
0 0.665991 0.234214 0.023113 0.033543
0 0.696887 0.227505 0.016038 0.023480
0 0.684764 0.229350 0.011792 0.041929
1 0.740189 0.345493 0.016038 0.061216
1 0.754575 0.283438 0.013679 0.024319
1 0.764245 0.255765 0.011321 0.020964
1 0.589151 0.279078 0.011321 0.022642
1 0.333726 0.395220 0.017453 0.040252
1 0.295047 0.376352 0.018396 0.032704
1 0.319575 0.375094 0.014623 0.028512
1 0.278066 0.374256 0.015566 0.038574
1 0.029481 0.381384 0.017453 0.024319
1 0.064623 0.219539 0.016981 0.019287
1 0.028538 0.188092 0.008962 0.018449
1 0.016509 0.189769 0.010377 0.018449
1 0.064858 0.179707 0.008962 0.016771
1 0.200472 0.398155 0.015094 0.042767
1 0.177594 0.394801 0.015566 0.036059
1 0.359764 0.708763 0.054245 0.083019
1 0.260708 0.927631 0.057075 0.140042
1 0.335236 0.925954 0.056132 0.146751
1 0.779575 0.757400 0.041981 0.106499
1 0.832170 0.783396 0.037736 0.118239
1 0.861887 0.751530 0.040566 0.104822
1 0.079575 0.262809 0.000472 0.002516
2 0.686230 0.426544 0.080733 0.199968
2 0.230406 0.325754 0.088897 0.130624
2 0.698476 0.285438 0.063498 0.111272
2 0.820755 0.242864 0.056241 0.066118
2 0.033472 0.126055 0.017840 0.027952
2 0.033624 0.159652 0.027213 0.047842