0 0.170047 0.573375 0.096698 0.259958
0 0.389976 0.732704 0.081368 0.251572
0 0.532665 0.645702 0.095519 0.283019
0 0.392335 0.448637 0.071934 0.262055
0 0.504363 0.367925 0.062500 0.230608
0 0.432429 0.238994 0.062500 0.190776
0 0.464269 0.075996 0.055425 0.151992
0 0.398231 0.083333 0.064858 0.166666
1 0.737854 0.850105 0.036557 0.167715
1 0.700118 0.718029 0.036557 0.167715
1 0.309198 0.682390 0.035377 0.104822
1 0.317453 0.547170 0.044811 0.115304
1 0.334552 0.432914 0.036557 0.096436
1 0.356958 0.210692 0.050708 0.088050
1 0.559198 0.451782 0.044811 0.113208
2 0.616981 0.292453 0.087264 0.205451
2 0.632901 0.577568 0.102594 0.356394
2 0.037854 0.134696 0.075708 0.269392
2 0.551533 0.086478 0.102594 0.172956