0 0.575118 0.495807 0.045991 0.100629
0 0.610495 0.750524 0.081368 0.178197
0 0.615802 0.944969 0.091981 0.110062
0 0.125825 0.949161 0.166274 0.101677
0 0.196390 0.370505 0.043541 0.062893
0 0.169176 0.339865 0.029028 0.059668
0 0.096834 0.241090 0.024946 0.036284
0 0.114976 0.282616 0.024038 0.045154
0 0.050662 0.168360 0.014967 0.033059
0 0.013471 0.129253 0.011339 0.014514
0 0.665639 0.237381 0.024492 0.033059
0 0.699882 0.227705 0.019503 0.031447
0 0.683554 0.232140 0.014060 0.040316
1 0.359316 0.642558 0.036557 0.104822
1 0.414151 0.593291 0.028302 0.077568
1 0.440094 0.470650 0.042453 0.050314
1 0.125236 0.824948 0.099057 0.113208
1 0.299175 0.949161 0.090802 0.101677
1 0.334552 0.403564 0.029481 0.067086
1 0.297995 0.374214 0.017689 0.054507
1 0.022641 0.323899 0.030660 0.046122
1 0.062736 0.219078 0.016509 0.033543
1 0.736675 0.402516 0.020047 0.056604
1 0.735495 0.319706 0.017689 0.050314
1 0.720165 0.281971 0.015330 0.041929
1 0.635259 0.330189 0.017689 0.041929
1 0.641745 0.258910 0.018868 0.029350
1 0.279127 0.372117 0.017689 0.062893
1 0.016691 0.197011 0.007862 0.021502
1 0.024250 0.175241 0.007257 0.017739
2 0.034984 0.134118 0.016630 0.029028
2 0.028937 0.152932 0.024492 0.034403
2 0.225024 0.322421 0.079826 0.128474
2 0.148071 0.289469 0.051705 0.096759
2 0.668723 0.341343 0.058660 0.113423
2 0.719672 0.562544 0.122460 0.277375