0 0.503774 0.365828 0.066038 0.226415
0 0.534434 0.637317 0.089623 0.274633
0 0.430660 0.241090 0.070755 0.174004
0 0.400590 0.451782 0.069575 0.247379
0 0.396462 0.724319 0.082547 0.255765
0 0.397641 0.097484 0.068396 0.150943
0 0.464858 0.080189 0.070755 0.160377
0 0.245519 0.102725 0.075472 0.132075
1 0.206014 0.461216 0.088443 0.098532
1 0.179481 0.753669 0.063679 0.117400
1 0.310967 0.679245 0.029481 0.119497
1 0.736085 0.844864 0.047170 0.157233
1 0.700708 0.737945 0.051887 0.140461
1 0.556840 0.441300 0.044811 0.100629
1 0.353420 0.318658 0.055425 0.094340
1 0.336910 0.440252 0.043632 0.115304
1 0.319222 0.568134 0.053066 0.090147
2 0.610495 0.292453 0.100236 0.213836
2 0.637028 0.580713 0.115566 0.354298
2 0.560377 0.081237 0.110849 0.162474
2 0.036675 0.175052 0.073349 0.293501