0 0.282075 0.728512 0.108491 0.159329
0 0.565684 0.517820 0.057783 0.127883
0 0.736085 0.261006 0.047170 0.037736
0 0.195991 0.374214 0.047170 0.071279
0 0.055660 0.170860 0.021226 0.029350
0 0.163456 0.338109 0.045860 0.049499
0 0.098598 0.248719 0.024895 0.039599
0 0.115468 0.285406 0.025223 0.045423
0 0.201127 0.240857 0.028171 0.033194
0 0.022176 0.124039 0.010155 0.014559
0 0.012677 0.125495 0.010155 0.010482
0 0.049201 0.198870 0.001310 0.003494
0 0.667125 0.236082 0.023585 0.032029
0 0.684814 0.235791 0.013103 0.048917
0 0.697917 0.228512 0.019654 0.027370
1 0.746855 0.493623 0.017689 0.054682
1 0.424234 0.475192 0.016051 0.042511
1 0.471993 0.429129 0.017230 0.045190
1 0.591260 0.396052 0.015723 0.044258
1 0.407069 0.606103 0.025878 0.079781
1 0.507796 0.359364 0.009172 0.033776
1 0.689203 0.327277 0.015723 0.047170
1 0.761268 0.391975 0.015068 0.042395
1 0.701487 0.243711 0.018671 0.029117
1 0.793534 0.208479 0.007534 0.025041
1 0.344667 0.751223 0.028171 0.099581
1 0.261792 0.613091 0.024895 0.066969
1 0.336052 0.399196 0.014085 0.039599
1 0.320656 0.377650 0.016051 0.033776
1 0.295106 0.379979 0.016706 0.037270
1 0.280857 0.374156 0.014413 0.032611
1 0.303459 0.361053 0.011792 0.035523
1 0.202634 0.398614 0.010482 0.041929
1 0.176428 0.399196 0.014413 0.041929
1 0.166765 0.386676 0.010155 0.034358
1 0.019064 0.286047 0.013758 0.025041
1 0.011203 0.212089 0.009827 0.020382
1 0.064596 0.223445 0.012448 0.018635
1 0.018573 0.168530 0.005569 0.009900
1 0.041175 0.174062 0.006879 0.017470
1 0.170047 0.765199 0.035377 0.094340
1 0.025472 0.936583 0.050943 0.126834
1 0.135259 0.940252 0.060142 0.117400
1 0.127594 0.858491 0.049528 0.113208
2 0.815684 0.797170 0.262972 0.405660
2 0.663561 0.423480 0.062500 0.169811
2 0.039520 0.137343 0.017840 0.029028
2 0.025157 0.149169 0.018747 0.034403
2 0.150792 0.292964 0.054729 0.096221
2 0.223784 0.329517 0.078556 0.120948
2 0.818124 0.238671 0.055939 0.063968