0 0.533255 0.638365 0.084906 0.268344
0 0.393514 0.731656 0.067217 0.241090
0 0.395873 0.443396 0.062500 0.247379
0 0.504953 0.361635 0.054245 0.205451
0 0.431250 0.241090 0.057783 0.174004
0 0.464858 0.072327 0.051887 0.142558
0 0.396462 0.090147 0.051887 0.153040
1 0.850472 0.273585 0.044811 0.104822
1 0.627005 0.090147 0.031840 0.077568
1 0.736675 0.851153 0.038915 0.161426
1 0.703066 0.726415 0.037736 0.146751
1 0.315684 0.680294 0.036557 0.134172
1 0.320401 0.552411 0.031840 0.079665
1 0.341038 0.442348 0.030660 0.090147
1 0.349882 0.341719 0.027123 0.085954
1 0.226061 0.177149 0.034198 0.067086
1 0.556250 0.441300 0.031840 0.096436
2 0.613443 0.292453 0.066038 0.192872
2 0.629102 0.569593 0.088187 0.329961
2 0.553220 0.081351 0.084085 0.162702
2 0.046965 0.199845 0.093929 0.399690