0 0.566274 0.520964 0.056604 0.083857
0 0.696580 0.308176 0.029481 0.044025
0 0.664741 0.237945 0.020047 0.029350
0 0.369340 0.549266 0.066038 0.098532
0 0.335731 0.710692 0.086085 0.140461
0 0.192453 0.373166 0.037736 0.064990
0 0.050943 0.180294 0.014151 0.031447
0 0.167689 0.346960 0.028302 0.062893
0 0.694938 0.230930 0.014816 0.026340
0 0.691008 0.248401 0.000907 0.001075
0 0.685111 0.234962 0.015723 0.033328
0 0.115294 0.289093 0.022073 0.044616
0 0.100387 0.254260 0.018142 0.030640
0 0.201228 0.243509 0.024492 0.025265
0 0.010492 0.124174 0.006955 0.013439
1 0.850105 0.505299 0.022930 0.055905
1 0.794910 0.632541 0.027843 0.072793
1 0.756813 0.229502 0.010482 0.013976
1 0.678688 0.391393 0.010810 0.031447
1 0.591162 0.296471 0.011465 0.022129
1 0.538915 0.343641 0.013103 0.024458
1 0.487159 0.380328 0.012448 0.026788
1 0.472583 0.440892 0.014085 0.034941
1 0.555294 0.450210 0.018999 0.051246
1 0.436190 0.547577 0.021619 0.048917
1 0.305654 0.563301 0.026533 0.062893
1 0.266182 0.637258 0.021619 0.066387
1 0.282069 0.666958 0.021947 0.074540
1 0.249803 0.746157 0.032102 0.088516
1 0.344798 0.470999 0.015723 0.056487
1 0.336609 0.399953 0.012448 0.043676
1 0.320067 0.374039 0.014085 0.038435
1 0.296318 0.388307 0.012448 0.041346
1 0.280922 0.374330 0.014413 0.039017
1 0.301068 0.365886 0.013430 0.036105
1 0.199555 0.401992 0.017689 0.032611
1 0.177607 0.399080 0.014413 0.046587
1 0.167453 0.391801 0.012448 0.046005
1 0.020964 0.258211 0.013758 0.018053
1 0.003439 0.232006 0.006878 0.021547
1 0.061091 0.225891 0.008844 0.022129
1 0.119399 0.248894 0.010810 0.022711
1 0.037015 0.185709 0.007862 0.020964
1 0.186059 0.238761 0.012448 0.026205
1 0.017590 0.161600 0.006224 0.017470
2 0.681374 0.567959 0.092702 0.271372
2 0.263561 0.871972 0.212919 0.256056
2 0.043141 0.145877 0.016051 0.030282
2 0.023323 0.145295 0.016378 0.032611
2 0.224548 0.331353 0.073703 0.122874
2 0.150518 0.290298 0.048808 0.072211
2 0.820401 0.240042 0.067217 0.058700