0 0.533255 0.646751 0.082547 0.268344
0 0.507311 0.371069 0.056604 0.224319
0 0.461910 0.072851 0.048349 0.145702
0 0.398231 0.081761 0.053066 0.144654
0 0.433019 0.236897 0.063679 0.161426
0 0.394693 0.458071 0.064858 0.243187
0 0.393514 0.729560 0.064858 0.249476
1 0.739033 0.842767 0.041274 0.144654
1 0.706014 0.725367 0.031840 0.174004
1 0.660613 0.231656 0.028302 0.079665
1 0.557429 0.435010 0.041274 0.109015
1 0.352241 0.329140 0.024764 0.085954
1 0.339269 0.437107 0.043632 0.117400
1 0.318632 0.558700 0.023585 0.075472
1 0.313325 0.676101 0.031840 0.117400
2 0.077948 0.330713 0.155896 0.661426
2 0.559198 0.089623 0.089623 0.179245
2 0.610495 0.289308 0.060142 0.203354
2 0.628184 0.576520 0.086085 0.354298