0 0.685967 0.373166 0.029481 0.064990
0 0.558019 0.533543 0.068396 0.092243
0 0.420637 0.529350 0.057783 0.083857
0 0.432429 0.438155 0.053066 0.048218
0 0.192453 0.370021 0.035377 0.062893
0 0.164741 0.343816 0.034198 0.052411
0 0.668278 0.236897 0.017689 0.031447
0 0.698349 0.228512 0.021226 0.018868
0 0.051533 0.187631 0.020047 0.029350
1 0.893514 0.905660 0.036557 0.169811
1 0.535408 0.506692 0.014816 0.061818
1 0.560504 0.311294 0.014816 0.022577
1 0.537373 0.344084 0.011490 0.032253
1 0.486424 0.417460 0.019049 0.053217
1 0.420809 0.388432 0.014816 0.039241
1 0.626875 0.276085 0.011490 0.018814
1 0.384827 0.448369 0.019049 0.045154
1 0.337415 0.401333 0.011792 0.040316
1 0.346486 0.498092 0.016026 0.055367
1 0.294781 0.592163 0.024492 0.072569
1 0.368257 0.534645 0.026306 0.060743
1 0.367501 0.493254 0.019352 0.032790
1 0.296142 0.391120 0.015119 0.044616
1 0.323204 0.378756 0.011188 0.041391
1 0.278359 0.384669 0.013794 0.044616
1 0.265602 0.566629 0.021166 0.049454
1 0.249879 0.605870 0.027213 0.043004
1 0.246553 0.663656 0.031447 0.052142
1 0.198627 0.400258 0.015421 0.040316
1 0.177008 0.401333 0.013304 0.038166
1 0.165518 0.390851 0.010281 0.047304
1 0.274371 0.366285 0.007862 0.041391
1 0.283442 0.356878 0.009071 0.039779
1 0.063619 0.223029 0.009071 0.017202
1 0.018959 0.231576 0.006350 0.017739
1 0.014423 0.157394 0.004536 0.012364
1 0.765784 0.253776 0.007862 0.019352
1 0.690796 0.251357 0.009676 0.013439
1 0.679759 0.480245 0.013607 0.046767
2 0.729009 0.794025 0.174528 0.411950
2 0.313325 0.786164 0.211085 0.404612
2 0.092689 0.866352 0.185377 0.267296
2 0.229599 0.337526 0.062500 0.119497
2 0.146462 0.293501 0.056604 0.098532
2 0.016156 0.138365 0.005896 0.035639
2 0.821580 0.243187 0.062500 0.052411