2 0.100943 0.606394 0.201886 0.787212
2 0.558019 0.088574 0.087264 0.177148
2 0.611085 0.303983 0.063679 0.211740
2 0.625236 0.569182 0.084906 0.343816
1 0.731958 0.848008 0.043632 0.142558
1 0.702476 0.724319 0.031840 0.138365
1 0.557429 0.451782 0.027123 0.096436
1 0.670637 0.393082 0.022406 0.083857
1 0.809198 0.180294 0.033019 0.090147
1 0.625236 0.107966 0.021226 0.096436
1 0.629363 0.022013 0.031840 0.041929
1 0.350472 0.327044 0.025943 0.090147
1 0.335731 0.439203 0.027123 0.109015
1 0.316863 0.556604 0.029481 0.113208
1 0.310967 0.665618 0.038915 0.129979
1 0.240802 0.848008 0.049528 0.142558
0 0.504363 0.361635 0.045991 0.218029
0 0.531486 0.634172 0.079009 0.259958
0 0.389976 0.733753 0.069575 0.253669
0 0.391745 0.452830 0.075472 0.266247
0 0.430660 0.242138 0.063679 0.176101
0 0.459552 0.073899 0.055425 0.147798
0 0.396462 0.092243 0.056604 0.148847
0 0.030189 0.139413 0.060377 0.159329