2 0.306840 0.620545 0.250000 0.672956
0 0.509670 0.349057 0.087264 0.255765
0 0.388797 0.255765 0.088443 0.194969
0 0.395283 0.063417 0.061321 0.126834
0 0.495519 0.045597 0.056604 0.091194
1 0.746698 0.578616 0.051887 0.136268
1 0.641745 0.516771 0.054245 0.125786
1 0.689505 0.439203 0.031840 0.096436
1 0.645873 0.340671 0.048349 0.134172
1 0.675354 0.268344 0.038915 0.115304
1 0.596344 0.388889 0.043632 0.142558
1 0.564505 0.180294 0.043632 0.144654
1 0.663561 0.818658 0.043632 0.176101
1 0.802123 0.883648 0.047170 0.188679
1 0.544458 0.800839 0.045991 0.174004
1 0.135849 0.312369 0.035377 0.098532
1 0.030896 0.279874 0.044811 0.113208