1 0.336321 0.385744 0.011792 0.060797
1 0.407665 0.406709 0.015330 0.077568
1 0.443632 0.370021 0.009434 0.046122
1 0.700708 0.651992 0.033019 0.098532
1 0.309198 0.812369 0.033019 0.125786
1 0.334709 0.493274 0.016706 0.061146
1 0.363945 0.473620 0.016215 0.049790
1 0.319723 0.372292 0.010318 0.035814
1 0.298103 0.388889 0.015232 0.051537
1 0.534935 0.347834 0.013267 0.037561
1 0.495136 0.328180 0.017197 0.015723
1 0.615271 0.284067 0.016706 0.020091
1 0.644015 0.272275 0.016215 0.020964
1 0.716244 0.271401 0.013267 0.033194
1 0.521423 0.527778 0.022602 0.042802
1 0.442315 0.422519 0.028498 0.048917
1 0.200570 0.405486 0.019654 0.041055
1 0.165684 0.379280 0.000000 0.004368
1 0.021963 0.213138 0.014249 0.030573
1 0.049233 0.207023 0.015723 0.028826
1 0.063237 0.223183 0.014249 0.029700
2 0.764249 0.264238 0.031447 0.045423
2 0.821246 0.241527 0.061910 0.054158
2 0.380749 0.591806 0.133156 0.290007
2 0.147258 0.750786 0.274666 0.403564
2 0.223418 0.326520 0.087952 0.135395
2 0.146276 0.288085 0.055523 0.093466
2 0.052427 0.156184 0.020145 0.034067
2 0.018524 0.134783 0.013267 0.043676
0 0.100334 0.248777 0.027516 0.044549
0 0.194182 0.372816 0.047170 0.058526
0 0.165193 0.349231 0.039308 0.053284
0 0.109178 0.281971 0.024568 0.028826
0 0.201553 0.242226 0.038325 0.031447
0 0.702191 0.456761 0.045696 0.097834
0 0.676641 0.233316 0.028990 0.019567
0 0.560240 0.533106 0.059945 0.106569
0 0.481132 0.429944 0.046187 0.058526
0 0.486537 0.364867 0.045204 0.055905
0 0.331466 0.942741 0.118907 0.114518
1 0.279923 0.384783 0.016215 0.045423
1 0.299086 0.351153 0.018180 0.032320
1 0.280906 0.351153 0.016215 0.037561
1 0.174774 0.398323 0.013267 0.041055
1 0.167649 0.388277 0.007862 0.050664