1 0.310377 0.666667 0.040094 0.127883
1 0.315684 0.547170 0.029481 0.111111
1 0.338679 0.427673 0.025943 0.123690
1 0.352241 0.319706 0.022406 0.096436
1 0.649410 0.220126 0.031840 0.085954
1 0.700708 0.729560 0.025943 0.148847
1 0.732547 0.827044 0.030660 0.163522
1 0.637618 0.102725 0.036557 0.085954
1 0.606368 0.056604 0.018868 0.090147
1 0.552123 0.441300 0.028302 0.109015
1 0.191274 0.242138 0.023585 0.104822
1 0.144104 0.580713 0.044811 0.136268
1 0.058608 0.160377 0.041274 0.092243
0 0.506132 0.363732 0.054245 0.213836
0 0.537382 0.640461 0.086085 0.264151
0 0.391745 0.723270 0.063679 0.228512
0 0.398231 0.447589 0.071934 0.213836
0 0.431840 0.251572 0.070755 0.165618
0 0.462500 0.083857 0.054245 0.136268
0 0.395283 0.094340 0.058962 0.136268
0 0.033137 0.354298 0.066274 0.207547
2 0.630542 0.587002 0.095519 0.341719
2 0.611085 0.300839 0.089623 0.205451
2 0.554481 0.092767 0.070755 0.185534
2 0.105660 0.727987 0.211320 0.544025