0 0.141708 0.595185 0.062083 0.099259
0 0.544803 0.553918 0.066447 0.092982
0 0.558176 0.455736 0.043243 0.082282
0 0.626081 0.556336 0.054054 0.102102
0 0.644831 0.387267 0.034797 0.067868
0 0.745507 0.301982 0.033446 0.051051
0 0.109808 0.300114 0.026923 0.041026
0 0.044231 0.266097 0.021795 0.030199
0 0.016506 0.166097 0.011859 0.019373
1 0.372313 0.743889 0.035625 0.117778
1 0.407313 0.635556 0.026875 0.092222
1 0.386688 0.531667 0.026875 0.075556
1 0.420438 0.476667 0.019375 0.063333
1 0.450125 0.504444 0.023750 0.065556
1 0.684397 0.636092 0.029310 0.073563
1 0.739353 0.660230 0.026293 0.066667
1 0.835690 0.725364 0.031897 0.085057
1 0.767586 0.645671 0.025000 0.068199
1 0.766293 0.501609 0.020690 0.049808
1 0.900345 0.548736 0.026724 0.059770
1 0.745603 0.410038 0.014655 0.041379
1 0.383162 0.465098 0.019853 0.056863
1 0.209968 0.404387 0.016987 0.041026
1 0.229679 0.402963 0.016667 0.038177
1 0.248109 0.397265 0.015705 0.038177
1 0.267298 0.395620 0.016904 0.032350
1 0.284968 0.390997 0.014423 0.040456
1 0.008920 0.531414 0.017614 0.064646
2 0.180994 0.396296 0.041346 0.069516
2 0.232115 0.334188 0.053846 0.083191
2 0.161923 0.307123 0.038462 0.049573
2 0.067344 0.618611 0.071875 0.159722
2 0.036094 0.413750 0.067187 0.130556
2 0.625536 0.471587 0.041071 0.065873
2 0.582902 0.365635 0.041518 0.100000