1 0.127750 0.921111 0.052500 0.146667
1 0.374625 0.642222 0.026250 0.095556
1 0.406500 0.571111 0.022500 0.073333
1 0.395875 0.457778 0.021250 0.095556
1 0.429625 0.446667 0.021250 0.064444
1 0.464625 0.455556 0.021250 0.051111
1 0.521859 0.522849 0.021795 0.052991
1 0.526827 0.477550 0.018269 0.028490
1 0.552468 0.496923 0.017628 0.034188
1 0.585160 0.512308 0.020192 0.059259
1 0.686304 0.635459 0.030435 0.073430
1 0.740924 0.657681 0.023370 0.083092
1 0.790109 0.691015 0.029348 0.089855
1 0.838750 0.726280 0.036413 0.086957
1 0.769185 0.645604 0.024457 0.076329
1 0.190288 0.407293 0.000321 0.000570
1 0.210481 0.406211 0.015064 0.041026
1 0.228590 0.405071 0.014744 0.038746
1 0.249103 0.400513 0.016667 0.036467
1 0.268654 0.391396 0.011538 0.036467
1 0.283718 0.391681 0.012179 0.040456
1 0.300385 0.396524 0.014744 0.042165
2 0.237564 0.337835 0.044872 0.084330
2 0.162564 0.305356 0.038462 0.053561
2 0.177147 0.379715 0.045833 0.099715
2 0.050795 0.557980 0.064773 0.127273
2 0.030909 0.384242 0.061364 0.123232
2 0.626193 0.463636 0.046023 0.091919
0 0.560000 0.454545 0.044318 0.075758
0 0.731875 0.276263 0.025568 0.034343
0 0.740114 0.310101 0.031818 0.053535
0 0.627614 0.561111 0.052273 0.084848
0 0.632455 0.343413 0.002232 0.001587
0 0.646987 0.390484 0.028205 0.067236
2 0.593301 0.356011 0.054808 0.111111
0 0.132750 0.556667 0.065000 0.111111