0 0.242125 0.792222 0.093750 0.177778
0 0.104000 0.898889 0.105000 0.191111
0 0.109034 0.502424 0.050568 0.077778
0 0.110341 0.298283 0.027273 0.044444
0 0.033920 0.237677 0.031250 0.034343
0 0.546014 0.554835 0.064865 0.088288
0 0.626375 0.557222 0.052500 0.104444
0 0.558366 0.453175 0.047732 0.074127
0 0.647625 0.386667 0.032500 0.063333
0 0.732313 0.321111 0.031875 0.054444
0 0.673563 0.245556 0.045625 0.038889
2 0.594813 0.359444 0.063125 0.100000
2 0.626375 0.457778 0.048750 0.078889
2 0.177672 0.381609 0.048276 0.101916
2 0.223578 0.322222 0.069397 0.108812
2 0.153103 0.308429 0.061207 0.107280
2 0.049440 0.180843 0.027155 0.043678
2 0.080259 0.217241 0.025862 0.055172
2 0.021207 0.141379 0.011207 0.024521
2 0.036974 0.478596 0.047368 0.101754
2 0.029737 0.343509 0.053947 0.116959
2 0.512366 0.336270 0.074554 0.117460
1 0.387589 0.529524 0.021429 0.069048
1 0.419955 0.489048 0.020089 0.062698
1 0.417054 0.409286 0.019643 0.082540
1 0.444732 0.405714 0.010714 0.062698
1 0.472188 0.404127 0.012946 0.048413
1 0.490714 0.413254 0.013393 0.061905
1 0.589152 0.539444 0.022768 0.085714
1 0.685417 0.634603 0.026786 0.069841
1 0.738690 0.658413 0.023810 0.079365
1 0.837500 0.725079 0.026190 0.087831
1 0.789881 0.697037 0.026190 0.078307
1 0.767262 0.643069 0.022619 0.069841
1 0.805952 0.658942 0.025000 0.074074
1 0.761012 0.294921 0.017262 0.065608
1 0.788988 0.568466 0.037500 0.079365
1 0.299712 0.403476 0.000321 0.000000
1 0.299872 0.395442 0.016667 0.037037
1 0.283205 0.387464 0.014103 0.035897
1 0.267660 0.393162 0.013141 0.038177
1 0.246827 0.399715 0.015064 0.031909
1 0.230801 0.404843 0.013782 0.034188
1 0.211731 0.406268 0.014103 0.035897