1 0.626944 0.606420 0.001852 0.000823
1 0.838843 0.724280 0.032870 0.084774
1 0.791157 0.697119 0.032870 0.089712
1 0.741620 0.658848 0.028241 0.077366
1 0.687917 0.635391 0.026389 0.074897
1 0.769861 0.643210 0.021759 0.069136
1 0.806435 0.666255 0.025463 0.075720
1 0.768009 0.501646 0.019907 0.055967
1 0.756898 0.450617 0.017130 0.041152
1 0.755278 0.314403 0.013889 0.041975
1 0.431111 0.453416 0.015741 0.046091
1 0.400556 0.480741 0.020370 0.052675
1 0.434352 0.385679 0.016667 0.065021
1 0.458194 0.385679 0.012500 0.048560
1 0.484583 0.375802 0.013426 0.043621
1 0.521620 0.519424 0.019907 0.052675
1 0.591759 0.549054 0.018519 0.057613
1 0.553565 0.495556 0.018981 0.036214
1 0.211250 0.405983 0.015064 0.039886
1 0.230160 0.401425 0.013782 0.045584
1 0.248109 0.398860 0.014423 0.046154
1 0.267340 0.391168 0.012500 0.041026
1 0.282564 0.387464 0.012821 0.033618
1 0.299712 0.396581 0.015064 0.045014
2 0.224551 0.325926 0.074359 0.115670
2 0.177756 0.382051 0.051282 0.093447
2 0.150404 0.308824 0.062132 0.099346
2 0.031319 0.321481 0.049306 0.091975
2 0.032708 0.443704 0.043056 0.084568
2 0.629010 0.379722 0.004687 0.001852
2 0.625590 0.465802 0.040625 0.101852
2 0.594514 0.358086 0.061111 0.116049
2 0.811100 0.255022 0.058000 0.064000
0 0.628100 0.567911 0.046000 0.083556
0 0.558100 0.454133 0.044000 0.078222
0 0.648350 0.390133 0.025500 0.071111
0 0.208375 0.700000 0.076250 0.135556
0 0.089000 0.772222 0.087500 0.142222
0 0.100250 0.474444 0.050000 0.080000
0 0.112125 0.305556 0.026250 0.044444
0 0.545250 0.563333 0.070000 0.102222
2 0.534625 0.322222 0.081250 0.108889
2 0.440875 0.882778 0.186250 0.234444
1 0.075875 0.650000 0.038750 0.093333
1 0.035250 0.862222 0.040000 0.140000