2 0.435250 0.808333 0.200000 0.383333
0 0.142750 0.905000 0.107500 0.190000
0 0.066500 0.646667 0.067500 0.104444
0 0.165250 0.602222 0.060000 0.117778
0 0.546331 0.557061 0.064113 0.093190
0 0.627984 0.557061 0.050000 0.098925
0 0.560040 0.454910 0.043952 0.072401
0 0.647137 0.390753 0.027823 0.065950
0 0.086100 0.437778 0.044000 0.064000
0 0.037850 0.298222 0.041500 0.081778
0 0.027100 0.396000 0.035000 0.080000
2 0.178100 0.380000 0.051000 0.099556
2 0.225350 0.323556 0.065500 0.111111
2 0.151600 0.291111 0.062000 0.094222
2 0.054850 0.187111 0.026500 0.049778
2 0.027850 0.184000 0.024500 0.038222
2 0.556359 0.303092 0.072283 0.104348
2 0.594402 0.362029 0.058152 0.108213
2 0.627946 0.468333 0.042857 0.088889
1 0.839735 0.728552 0.029924 0.083502
1 0.789167 0.695556 0.022727 0.074074
1 0.742008 0.668956 0.021591 0.073401
1 0.688030 0.641010 0.021970 0.063300
1 0.769280 0.644040 0.020833 0.074747
1 0.809432 0.665926 0.017045 0.078114
1 0.781023 0.596229 0.020076 0.073401
1 0.766061 0.491852 0.018939 0.065320
1 0.750720 0.326532 0.010985 0.039057
0 0.754318 0.269966 0.021212 0.040404
0 0.672311 0.249764 0.048106 0.032323
1 0.211731 0.409174 0.014103 0.037607
1 0.230801 0.404615 0.015064 0.036467
1 0.248750 0.402336 0.016346 0.041026
1 0.267500 0.391795 0.015385 0.038177
1 0.284006 0.386667 0.016346 0.035897
1 0.301314 0.398917 0.018910 0.044444
1 0.421250 0.420000 0.016250 0.050000
1 0.447500 0.410000 0.017500 0.072222
1 0.491875 0.358889 0.081250 0.094444
1 0.023409 0.735051 0.032955 0.088889
1 0.048693 0.560303 0.030114 0.082828