2 0.416500 0.767222 0.157500 0.465556
0 0.125250 0.780000 0.087500 0.166667
0 0.057125 0.586667 0.058750 0.086667
0 0.139625 0.546667 0.063750 0.095556
0 0.075250 0.413333 0.042500 0.060000
0 0.548362 0.557165 0.065517 0.093487
0 0.629397 0.554866 0.051724 0.095019
0 0.559784 0.457165 0.045259 0.077395
0 0.647931 0.391648 0.031034 0.065900
0 0.746207 0.277471 0.024138 0.030651
0 0.660000 0.251034 0.019828 0.028352
0 0.678966 0.248352 0.009483 0.035249
0 0.689526 0.249119 0.016810 0.024521
2 0.027125 0.370000 0.031250 0.062222
2 0.039625 0.288889 0.041250 0.064444
2 0.219625 0.306667 0.061250 0.100000
2 0.179097 0.392222 0.045194 0.062222
2 0.154625 0.305556 0.058750 0.115556
2 0.107750 0.256667 0.042500 0.097778
1 0.839625 0.708889 0.028750 0.113333
1 0.742750 0.651111 0.025000 0.104444
1 0.687125 0.627778 0.026250 0.080000
1 0.793375 0.693333 0.026250 0.086667
1 0.784625 0.596667 0.026250 0.057778
1 0.769625 0.492222 0.021250 0.097778
1 0.298375 0.393333 0.016250 0.051111
1 0.282750 0.392222 0.010000 0.035556
1 0.268024 0.396667 0.009274 0.031111
1 0.247661 0.400502 0.014516 0.035842
1 0.230726 0.401935 0.016129 0.037276
1 0.212782 0.405161 0.012500 0.035125
1 0.439798 0.395125 0.017339 0.036559
1 0.465403 0.385806 0.014516 0.037993
1 0.479516 0.343513 0.012097 0.030824
1 0.495040 0.342796 0.009274 0.026523
1 0.528306 0.340072 0.014516 0.040860
2 0.586976 0.369606 0.039113 0.093907
2 0.663185 0.341290 0.035887 0.088889
2 0.728375 0.532222 0.078750 0.164444
1 0.019000 0.654444 0.025000 0.080000