1 0.066500 0.673333 0.032500 0.100000
1 0.519625 0.527778 0.018750 0.080000
1 0.537125 0.575556 0.033750 0.082222
1 0.804625 0.658889 0.038750 0.097778
1 0.754625 0.625556 0.023750 0.093333
1 0.777750 0.547778 0.035000 0.062222
1 0.196500 0.395556 0.027500 0.060000
1 0.172750 0.393333 0.017500 0.073333
1 0.788375 0.453333 0.021250 0.051111
1 0.761500 0.377778 0.020000 0.042222
2 0.620875 0.541111 0.048750 0.128889
2 0.599000 0.348889 0.035000 0.126667
2 0.201500 0.310000 0.062500 0.106667
0 0.575119 0.482963 0.040476 0.081481
0 0.715000 0.559683 0.048810 0.097354
0 0.636131 0.407302 0.029167 0.057143