2 0.404000 0.638889 0.107500 0.346667
0 0.179625 0.796667 0.071250 0.133333
0 0.108375 0.646667 0.063750 0.117778
0 0.117125 0.494444 0.048750 0.066667
0 0.047125 0.518889 0.053750 0.080000
0 0.052750 0.777778 0.072500 0.148889
0 0.630052 0.556111 0.049479 0.091667
0 0.548542 0.557963 0.065625 0.093519
0 0.560521 0.457037 0.045833 0.069444
0 0.649323 0.386667 0.031771 0.060185
2 0.627826 0.464444 0.043478 0.088889
2 0.587065 0.364444 0.043478 0.095652
2 0.726328 0.547083 0.083594 0.158333
2 0.027434 0.337895 0.028289 0.053801
2 0.042566 0.263626 0.033553 0.064327
2 0.238618 0.340819 0.050658 0.085380
2 0.163289 0.321520 0.042105 0.056140
2 0.181382 0.384678 0.042763 0.084211
1 0.303485 0.402559 0.013636 0.042424
1 0.285682 0.390774 0.012879 0.036364
1 0.269205 0.385387 0.007955 0.041751
1 0.249129 0.399192 0.014015 0.035690
1 0.231894 0.401886 0.015152 0.043771
1 0.213902 0.405589 0.014773 0.041751
1 0.106029 0.380784 0.017647 0.049673
1 0.020368 0.570980 0.021324 0.066667
1 0.841023 0.727576 0.027273 0.092929
1 0.792159 0.699293 0.032955 0.080808
1 0.744148 0.676061 0.025568 0.072727
1 0.688750 0.641717 0.027273 0.066667
1 0.812614 0.668990 0.020455 0.078788
1 0.771989 0.647273 0.016477 0.063636
1 0.783068 0.587677 0.019318 0.049495
1 0.774830 0.477576 0.014205 0.049495
1 0.753523 0.347273 0.011364 0.033333
1 0.472557 0.363434 0.013068 0.039394
1 0.537045 0.322525 0.017045 0.036364
1 0.557784 0.316465 0.009659 0.040404
1 0.497273 0.349293 0.019318 0.047475