2 0.399625 0.560000 0.091250 0.277778
2 0.727125 0.543333 0.081250 0.160000
2 0.243375 0.343333 0.051250 0.097778
2 0.184000 0.385556 0.052500 0.088889
0 0.159000 0.678889 0.062500 0.106667
0 0.049625 0.677778 0.063750 0.113333
0 0.099625 0.570000 0.061250 0.106667
0 0.103375 0.453333 0.048750 0.068889
0 0.044625 0.483333 0.041250 0.071111
0 0.062125 0.371111 0.041250 0.055556
0 0.547750 0.553333 0.065000 0.108889
0 0.629625 0.556667 0.058750 0.088889
0 0.558375 0.453333 0.041250 0.073333
0 0.628375 0.475556 0.043750 0.091111
2 0.587125 0.368889 0.043750 0.086667
2 0.664625 0.337778 0.038750 0.091111
0 0.727750 0.288889 0.025000 0.046667
1 0.841500 0.724444 0.030000 0.086667
1 0.792125 0.695556 0.033750 0.091111
1 0.743375 0.670000 0.026250 0.071111
1 0.790875 0.456667 0.028750 0.084444
1 0.107125 0.382222 0.023750 0.060000
1 0.017125 0.530000 0.023750 0.080000
1 0.012750 0.451111 0.017500 0.064444
1 0.522750 0.327778 0.022500 0.048889