2 0.412750 0.482222 0.087500 0.215556
2 0.425250 0.833889 0.152500 0.332222
2 0.129625 0.889444 0.151250 0.221111
2 0.711500 0.508889 0.097500 0.233333
2 0.240250 0.351111 0.050000 0.100000
2 0.163375 0.326667 0.051250 0.077778
2 0.664000 0.341111 0.042500 0.084444
2 0.585875 0.364444 0.048750 0.100000
2 0.627750 0.466667 0.042500 0.104444
2 0.182750 0.394444 0.045000 0.075556
0 0.139000 0.581111 0.050000 0.093333
0 0.039000 0.593333 0.057500 0.108889
0 0.090875 0.514444 0.056250 0.080000
0 0.087125 0.422222 0.041250 0.060000
0 0.040250 0.451111 0.050000 0.055556
0 0.059625 0.348889 0.026250 0.037778
0 0.549000 0.557778 0.062500 0.091111
0 0.721500 0.291111 0.025000 0.046667
0 0.629000 0.556667 0.052500 0.088889
1 0.840875 0.720000 0.026250 0.104444
1 0.742125 0.667778 0.016250 0.102222
1 0.792125 0.687778 0.026250 0.088889
1 0.070250 0.704444 0.037500 0.104444
1 0.010750 0.453333 0.021500 0.108889
1 0.104000 0.374444 0.020000 0.048889
1 0.771500 0.647778 0.020000 0.080000
1 0.797750 0.475556 0.025000 0.046667