0 0.244929 0.855346 0.114387 0.180294
0 0.379363 0.668763 0.069575 0.113208
0 0.549764 0.535639 0.070755 0.102725
0 0.559198 0.439203 0.058962 0.094340
0 0.440094 0.494759 0.061321 0.088050
0 0.540094 0.321054 0.045485 0.050913
0 0.565364 0.289608 0.032008 0.047919
0 0.182239 0.372789 0.042634 0.062893
0 0.156840 0.342418 0.037192 0.064506
0 0.030896 0.220126 0.033019 0.058700
0 0.140265 0.292453 0.055031 0.111810
0 0.101899 0.259582 0.021771 0.036016
0 0.105981 0.284309 0.024492 0.043541
0 0.047170 0.181637 0.018747 0.029565
0 0.024552 0.152341 0.014514 0.021502
0 0.193668 0.239693 0.029935 0.033866
0 0.716528 0.240069 0.032354 0.031178
1 0.783662 0.670097 0.047170 0.133410
1 0.689858 0.445207 0.033233 0.087669
1 0.784198 0.426148 0.033233 0.080046
1 0.705403 0.316562 0.015009 0.055270
1 0.278731 0.551934 0.049314 0.102916
1 0.206368 0.738708 0.061106 0.125786
1 0.136149 0.834000 0.053602 0.133410
1 0.240137 0.959882 0.060034 0.080236
1 0.089515 0.351820 0.022513 0.060987
1 0.176947 0.445412 0.030237 0.068806
1 0.190705 0.394345 0.016630 0.053755
1 0.165608 0.391120 0.019654 0.054830
1 0.155933 0.384938 0.017235 0.056443
1 0.248972 0.390851 0.019352 0.055367
1 0.271952 0.391926 0.015723 0.055367
1 0.293572 0.394614 0.019049 0.059668
1 0.326681 0.396226 0.020561 0.058593
1 0.310958 0.369618 0.014514 0.054830
1 0.303550 0.379294 0.014211 0.052680
1 0.291909 0.356717 0.019352 0.043004
1 0.281174 0.372574 0.013607 0.051067
1 0.270591 0.364511 0.019049 0.057518
1 0.493907 0.534941 0.034722 0.089681
2 0.399921 0.409644 0.095126 0.169113
2 0.215114 0.321861 0.083530 0.133357
2 0.139282 0.237363 0.051756 0.068717
2 0.082449 0.206499 0.034395 0.066387
2 0.489092 0.308307 0.076651 0.106132
2 0.615492 0.265068 0.083284 0.108753
2 0.649764 0.234277 0.054540 0.078616
2 0.768057 0.240173 0.071492 0.077306
2 0.805646 0.231656 0.046433 0.075996