0 0.392925 0.723899 0.091981 0.270440
0 0.535024 0.637945 0.100236 0.299790
0 0.397641 0.442977 0.075472 0.274633
0 0.504953 0.357023 0.066038 0.249476
0 0.427712 0.235430 0.069575 0.182390
0 0.395873 0.087841 0.083726 0.175681
0 0.463679 0.083648 0.068396 0.167296
1 0.315094 0.651572 0.044811 0.150943
1 0.321580 0.534172 0.053066 0.146751
1 0.339858 0.412579 0.047170 0.142558
1 0.355778 0.300419 0.031840 0.119497
1 0.559198 0.318153 0.042453 0.113036
1 0.463443 0.626512 0.043239 0.154276
1 0.557783 0.421975 0.037192 0.148363
1 0.735527 0.838574 0.050386 0.182962
1 0.702830 0.703259 0.047170 0.198209
1 0.718911 0.614637 0.051458 0.139127
1 0.681389 0.470745 0.045026 0.163903
1 0.704974 0.386888 0.038593 0.121974
1 0.665845 0.385935 0.033233 0.123880
1 0.671741 0.293501 0.038593 0.141033
1 0.613851 0.185820 0.038593 0.116257
1 0.637972 0.044787 0.043954 0.078140
1 0.631539 0.101010 0.058962 0.099104
1 0.649764 0.233467 0.031089 0.131504
2 0.629931 0.569849 0.098628 0.392605
2 0.607955 0.278254 0.088979 0.224890
2 0.554889 0.088622 0.100772 0.177244