0 0.142335 0.909434 0.152123 0.176101
0 0.349882 0.586583 0.062500 0.117400
0 0.547406 0.541509 0.066038 0.119497
0 0.554481 0.444025 0.061321 0.100629
0 0.029717 0.228092 0.028302 0.071279
0 0.480232 0.415867 0.054307 0.076134
0 0.423597 0.512137 0.065169 0.093236
0 0.087761 0.245835 0.024206 0.038619
0 0.100174 0.257144 0.024826 0.036963
0 0.103743 0.280316 0.025137 0.053514
0 0.155257 0.346795 0.035688 0.062893
0 0.187108 0.378076 0.042741 0.082423
0 0.115535 0.244731 0.023275 0.030895
0 0.032491 0.162805 0.017068 0.022619
0 0.005027 0.109291 0.009930 0.021516
0 0.571692 0.300704 0.043844 0.047304
0 0.807239 0.239585 0.058962 0.069344
1 0.785377 0.668001 0.051458 0.135315
1 0.696398 0.506003 0.032161 0.097198
1 0.910270 0.567944 0.039666 0.114351
1 0.685142 0.375453 0.026801 0.068611
1 0.261685 0.553650 0.024657 0.101010
1 0.299207 0.538403 0.024657 0.093387
1 0.356561 0.438346 0.030017 0.091481
1 0.105703 0.394511 0.034305 0.076234
1 0.179138 0.443110 0.039666 0.101010
1 0.495192 0.533839 0.032958 0.084395
1 0.524220 0.503736 0.017840 0.108047
1 0.550677 0.477665 0.017537 0.062356
1 0.523162 0.477450 0.013304 0.066656
1 0.248883 0.390378 0.017999 0.060686
1 0.267813 0.360587 0.016137 0.048549
1 0.270140 0.394516 0.015206 0.057928
1 0.279916 0.373276 0.013034 0.057376
1 0.293415 0.401688 0.021413 0.055721
1 0.326310 0.397275 0.020792 0.062341
1 0.311414 0.369138 0.018930 0.057928
1 0.303035 0.381551 0.015206 0.058480
1 0.291398 0.352036 0.014275 0.045791
1 0.053882 0.167715 0.010885 0.024727
1 0.050708 0.214482 0.008769 0.025802
1 0.043451 0.212600 0.008769 0.029565
1 0.045114 0.153470 0.006652 0.026340
1 0.037403 0.150245 0.008769 0.025265
1 0.033472 0.136537 0.008164 0.022577
1 0.078677 0.170188 0.007257 0.023007
2 0.444575 0.352392 0.095412 0.161997
2 0.726522 0.258052 0.073971 0.114351
2 0.649335 0.250429 0.086835 0.083857
2 0.524443 0.292358 0.075043 0.106728
2 0.216044 0.325700 0.081338 0.147826
2 0.176433 0.294254 0.036587 0.073106
2 0.140451 0.234962 0.055334 0.082245
2 0.142719 0.295705 0.064707 0.110197
2 0.080340 0.209214 0.029330 0.067731
2 0.102262 0.199269 0.030237 0.071494
2 0.014121 0.121217 0.013002 0.024190
1 0.374153 0.637102 0.025399 0.084933
2 0.793481 0.229855 0.061684 0.083857
2 0.787887 0.204053 0.053520 0.056980
2 0.682148 0.226093 0.061079 0.076332
2 0.593433 0.277428 0.041122 0.055367