2 0.636439 0.567086 0.102594 0.366876
2 0.612854 0.278826 0.093160 0.205451
2 0.556840 0.090147 0.089623 0.180294
0 0.396462 0.721174 0.091981 0.285115
0 0.400590 0.443396 0.076651 0.270440
0 0.507901 0.361635 0.062500 0.249476
0 0.539741 0.619497 0.090802 0.299790
0 0.434198 0.236897 0.075472 0.201258
0 0.401179 0.098532 0.056604 0.184486
0 0.467807 0.085954 0.055425 0.167715
1 0.474882 0.752621 0.043632 0.176101
1 0.321580 0.649895 0.045991 0.167715
1 0.322170 0.528302 0.035377 0.155136
1 0.345755 0.423480 0.049528 0.167715
1 0.356368 0.297694 0.033019 0.121593
1 0.741391 0.835430 0.050708 0.178197
1 0.706014 0.707547 0.057783 0.194969
1 0.721934 0.625786 0.047170 0.194969
1 0.687736 0.442348 0.044811 0.129979
1 0.713679 0.393082 0.042453 0.165618
1 0.678302 0.270440 0.040094 0.129979
1 0.671816 0.356394 0.031840 0.129979
1 0.641745 0.075472 0.028302 0.129979
1 0.613443 0.183438 0.044811 0.111111
1 0.563325 0.317610 0.041274 0.119497
1 0.565684 0.425577 0.064858 0.129979
1 0.651769 0.161426 0.036557 0.117400