0 0.317453 0.849057 0.122642 0.192872
0 0.206014 0.793501 0.107311 0.157233
0 0.302712 0.596436 0.086085 0.119497
0 0.402948 0.471698 0.060142 0.092243
0 0.466038 0.419287 0.049528 0.083857
0 0.549175 0.531447 0.071934 0.094340
0 0.555660 0.440252 0.058962 0.096436
0 0.033255 0.230608 0.028302 0.041929
0 0.608702 0.280009 0.034773 0.045692
0 0.517537 0.359566 0.039913 0.051067
0 0.181029 0.373219 0.042030 0.067193
0 0.154269 0.344461 0.037494 0.067731
0 0.039822 0.172660 0.019049 0.026877
0 0.114508 0.295490 0.022678 0.046767
0 0.103018 0.280439 0.028120 0.047842
0 0.098331 0.258668 0.022375 0.037628
0 0.088806 0.248723 0.023283 0.038166
0 0.116322 0.247648 0.022678 0.036016
0 0.191310 0.238779 0.024492 0.037628
0 0.168330 0.298446 0.021468 0.050529
0 0.006269 0.108960 0.009930 0.020413
0 0.017130 0.130200 0.012413 0.027585
1 0.784493 0.665618 0.046187 0.132774
1 0.718160 0.578267 0.033412 0.111810
1 0.673939 0.458595 0.023585 0.106569
1 0.491647 0.541579 0.034395 0.101328
1 0.524568 0.475192 0.023585 0.059399
1 0.173251 0.696191 0.036360 0.110063
1 0.525059 0.504018 0.030464 0.085604
1 0.403695 0.378232 0.025550 0.078616
1 0.178656 0.437631 0.027516 0.092593
1 0.124607 0.424528 0.023585 0.083857
1 0.430969 0.484384 0.019049 0.081170
1 0.366413 0.435467 0.025399 0.065043
1 0.345247 0.425254 0.021771 0.065043
1 0.326953 0.395958 0.021468 0.064506
1 0.247279 0.389776 0.018142 0.063968
1 0.264816 0.375531 0.013304 0.054830
1 0.272678 0.397302 0.016328 0.063968
1 0.293541 0.398914 0.018747 0.056443
1 0.281749 0.378487 0.012700 0.052142
1 0.289459 0.356717 0.014211 0.052680
1 0.305031 0.383325 0.013909 0.059668
1 0.309718 0.368005 0.013607 0.060205
1 0.755382 0.283933 0.010885 0.037628
1 0.050335 0.216429 0.016137 0.036963
1 0.049714 0.161812 0.007448 0.020413
1 0.062438 0.181397 0.009310 0.029791
2 0.688679 0.234976 0.090409 0.085604
2 0.693593 0.300489 0.066824 0.115304
2 0.750590 0.243711 0.058962 0.106569
2 0.552083 0.265549 0.068789 0.111810
2 0.481820 0.322327 0.069772 0.141509
2 0.217472 0.333683 0.093357 0.167715
2 0.080592 0.211133 0.028860 0.078892
2 0.101539 0.203409 0.026688 0.062341
2 0.138934 0.236511 0.046859 0.074479
2 0.032491 0.141068 0.017068 0.033653
2 0.054525 0.135275 0.022654 0.023171