2 0.632901 0.569182 0.104953 0.366876
2 0.609316 0.289308 0.086085 0.226415
2 0.552123 0.087002 0.106132 0.174004
0 0.396462 0.716981 0.075472 0.255765
0 0.398821 0.450734 0.066038 0.268344
0 0.434198 0.236897 0.073113 0.201258
0 0.501415 0.364780 0.073113 0.230608
0 0.536203 0.635220 0.088443 0.306080
0 0.469575 0.075472 0.080189 0.150943
0 0.400000 0.090147 0.075472 0.167715
1 0.736085 0.834382 0.054245 0.171908
1 0.469575 0.784067 0.040094 0.188679
1 0.319811 0.651992 0.049528 0.180294
1 0.322759 0.544025 0.034198 0.182390
1 0.343396 0.418239 0.037736 0.148847
1 0.356368 0.295597 0.037736 0.117400
1 0.685967 0.455975 0.048349 0.136268
1 0.708373 0.402516 0.036557 0.155136
1 0.671816 0.276730 0.029481 0.113208
1 0.562146 0.301887 0.043632 0.088050
1 0.558019 0.430818 0.040094 0.127883
1 0.645873 0.163522 0.036557 0.104822
1 0.615802 0.184486 0.042453 0.096436
1 0.605778 0.085954 0.020047 0.104822
1 0.639387 0.039832 0.033019 0.075472
1 0.635849 0.097484 0.018868 0.111111
1 0.716038 0.603774 0.040094 0.155136
1 0.705425 0.703354 0.042453 0.169811