2 0.671226 0.339623 0.063679 0.150943
2 0.708962 0.285115 0.058962 0.155136
2 0.579245 0.252621 0.082547 0.115304
2 0.216424 0.325122 0.078289 0.132192
2 0.079665 0.209527 0.031447 0.066387
2 0.138135 0.291346 0.052083 0.094922
2 0.139446 0.239809 0.045532 0.065222
0 0.408555 0.575567 0.080403 0.118163
0 0.339408 0.552697 0.066467 0.106728
0 0.378002 0.458357 0.062178 0.085763
0 0.445540 0.400229 0.051458 0.087669
0 0.546312 0.536497 0.070755 0.093387
0 0.558105 0.440252 0.055746 0.099104
0 0.547384 0.330665 0.045026 0.059081
0 0.038764 0.241359 0.026609 0.039779
0 0.009404 0.216632 0.018807 0.037628
0 0.046626 0.185131 0.022375 0.028383
0 0.106495 0.195130 0.024794 0.031178
0 0.056453 0.205343 0.020864 0.020427
0 0.114508 0.296404 0.024492 0.053755
0 0.183146 0.375692 0.042030 0.061818
0 0.156235 0.340751 0.036587 0.053217
2 0.731888 0.227436 0.066219 0.070419
2 0.750181 0.208085 0.041122 0.062893
2 0.807934 0.238187 0.056846 0.063968
2 0.181483 0.294576 0.024190 0.080632
1 0.785024 0.665199 0.036557 0.144654
1 0.202476 0.694549 0.041274 0.140461
1 0.106368 0.910482 0.061321 0.161426
1 0.172406 0.977778 0.061321 0.044444
1 0.675943 0.541509 0.025943 0.094340
1 0.734906 0.632704 0.037736 0.125786
1 0.492571 0.536268 0.045991 0.092243
1 0.283844 0.515304 0.031840 0.092243
1 0.177123 0.444025 0.042453 0.075472
1 0.134080 0.444025 0.034198 0.083857
1 0.325999 0.399040 0.020171 0.056824
1 0.247331 0.390213 0.015516 0.063445
1 0.267192 0.357663 0.014896 0.043584
1 0.264089 0.381662 0.016137 0.057376
1 0.268899 0.395730 0.013344 0.056824
1 0.283329 0.380007 0.012413 0.056273
1 0.289225 0.351043 0.014896 0.036963
1 0.310948 0.370076 0.016137 0.048549
1 0.306293 0.389385 0.011172 0.050756
1 0.294656 0.400419 0.022654 0.059583
1 0.448424 0.338630 0.017378 0.049652
1 0.427166 0.358215 0.027619 0.041377
1 0.423442 0.377800 0.015827 0.051859
1 0.477346 0.398488 0.016758 0.060135
1 0.523771 0.482070 0.016137 0.059583
1 0.550614 0.476939 0.018309 0.059031
1 0.520668 0.511420 0.012413 0.073927
0 0.503134 0.371014 0.043756 0.064548
2 0.511513 0.289474 0.069203 0.114201
0 0.643092 0.265199 0.031964 0.045791
0 0.658019 0.232815 0.024826 0.027585
0 0.673535 0.232539 0.016758 0.044687
0 0.686569 0.223436 0.014275 0.048549
1 0.671363 0.265641 0.007448 0.038067
1 0.686569 0.255986 0.009310 0.045239
1 0.741342 0.316120 0.013965 0.043032
1 0.162585 0.390152 0.014816 0.065581
1 0.154421 0.382358 0.013607 0.067193
1 0.141268 0.380208 0.015723 0.069344
0 0.085783 0.247702 0.022073 0.045154
0 0.100448 0.256572 0.024190 0.042466
0 0.103018 0.282105 0.022073 0.056980
0 0.114961 0.247433 0.022980 0.038166
1 0.051766 0.218674 0.012700 0.026877