0 0.397641 0.724948 0.087264 0.259958
0 0.537382 0.632704 0.090802 0.280922
0 0.402948 0.437736 0.076651 0.272537
0 0.507311 0.357023 0.075472 0.245283
2 0.628774 0.568763 0.101415 0.358491
2 0.613443 0.281971 0.094340 0.224319
2 0.555071 0.087002 0.097877 0.174004
0 0.428302 0.238994 0.075472 0.213836
0 0.396462 0.089099 0.056604 0.161426
0 0.465448 0.078616 0.060142 0.157232
1 0.315094 0.633124 0.047170 0.163522
1 0.316274 0.525157 0.042453 0.153040
1 0.342807 0.421384 0.055425 0.159329
1 0.353420 0.303983 0.043632 0.125786
1 0.737854 0.832285 0.043632 0.163522
1 0.468396 0.764151 0.033019 0.165618
1 0.704245 0.704403 0.037736 0.163522
1 0.713679 0.611111 0.044811 0.174004
1 0.703066 0.394130 0.037736 0.150943
1 0.682429 0.461216 0.034198 0.171908
1 0.669458 0.291405 0.036557 0.117400
1 0.660024 0.384696 0.027123 0.127883
1 0.635259 0.048218 0.022406 0.083857
1 0.614033 0.105870 0.038915 0.069182
1 0.611675 0.169811 0.017689 0.117400
1 0.646462 0.137317 0.028302 0.090147
1 0.555556 0.317610 0.032757 0.102492
1 0.559814 0.417191 0.022930 0.128116
1 0.362215 0.047942 0.022344 0.095443