1 0.212173 0.841961 0.045053 0.120948
1 0.326470 0.644735 0.026306 0.105359
1 0.265088 0.598506 0.025701 0.087083
1 0.310595 0.516798 0.024794 0.077407
1 0.684416 0.608289 0.028120 0.112885
1 0.734307 0.637317 0.026306 0.109660
1 0.786466 0.667957 0.036284 0.135462
1 0.759706 0.358329 0.020864 0.064506
1 0.495948 0.535398 0.026609 0.083857
1 0.522859 0.514702 0.016328 0.079020
1 0.526941 0.479224 0.016630 0.053217
1 0.550526 0.474117 0.016630 0.053755
1 0.467223 0.344891 0.015119 0.046229
1 0.486749 0.327430 0.017689 0.033653
1 0.489232 0.312810 0.012103 0.039722
1 0.520885 0.355291 0.014585 0.044135
1 0.649112 0.282191 0.012103 0.043584
1 0.567502 0.276399 0.011493 0.037515
1 0.727905 0.241366 0.008689 0.022619
1 0.351324 0.424824 0.022678 0.065043
1 0.248821 0.388271 0.017235 0.061818
1 0.267265 0.382089 0.014211 0.052680
1 0.276488 0.394990 0.016328 0.051605
1 0.284047 0.375638 0.008466 0.048379
1 0.276790 0.363275 0.012095 0.051605
1 0.291153 0.358706 0.011792 0.044616
1 0.309597 0.363275 0.014211 0.038703
1 0.294176 0.367575 0.010583 0.043004
1 0.293723 0.407622 0.018142 0.051067
1 0.309900 0.387733 0.015421 0.057518
1 0.326228 0.397409 0.017840 0.059668
1 0.177729 0.445343 0.025270 0.066487
1 0.135108 0.439653 0.020216 0.065888
1 0.188342 0.396226 0.017520 0.054507
1 0.161725 0.390836 0.014151 0.060497
1 0.155829 0.383947 0.016509 0.061096
1 0.142857 0.372567 0.016173 0.049117
1 0.052291 0.219826 0.015499 0.033543
1 0.017588 0.206649 0.008086 0.022761
1 0.036456 0.144355 0.002695 0.019167
1 0.032244 0.135969 0.006402 0.016771
0 0.045889 0.254268 0.029650 0.042528
0 0.010175 0.223121 0.017520 0.034142
0 0.015903 0.198263 0.018194 0.023959
0 0.012365 0.119497 0.015162 0.014975
0 0.023484 0.138964 0.014488 0.022761
0 0.028875 0.151542 0.013814 0.026355
0 0.184299 0.372267 0.039084 0.074873
0 0.158693 0.346211 0.041779 0.064690
0 0.086422 0.228811 0.023922 0.034741
0 0.092487 0.249775 0.023922 0.035939
0 0.104111 0.282120 0.029650 0.043127
0 0.117082 0.298293 0.025270 0.044325
0 0.426516 0.390057 0.042116 0.063492
0 0.404111 0.441869 0.045822 0.070081
0 0.459198 0.449356 0.048181 0.068284
0 0.487837 0.359988 0.043464 0.045523
0 0.537028 0.331836 0.038747 0.045523
0 0.594811 0.293501 0.037062 0.044325
0 0.549495 0.532495 0.062332 0.093441
0 0.557749 0.438455 0.048518 0.076670
0 0.658592 0.236179 0.020553 0.030548
0 0.674090 0.231387 0.016509 0.032944
0 0.686388 0.227493 0.014151 0.027553
0 0.684198 0.253549 0.031334 0.029350
0 0.746361 0.258341 0.032345 0.041330
0 0.776516 0.241270 0.021900 0.035939
2 0.678173 0.398323 0.055746 0.175338
2 0.699716 0.321669 0.042030 0.124711
2 0.773494 0.216202 0.060776 0.053755
2 0.784984 0.196581 0.044448 0.038166
2 0.615778 0.243617 0.057753 0.065581
2 0.542937 0.276515 0.064707 0.084933
2 0.218009 0.323281 0.084664 0.131162
2 0.138939 0.295060 0.061986 0.104822
2 0.181120 0.295060 0.030237 0.063968
2 0.143928 0.246949 0.050798 0.069881
2 0.080491 0.211633 0.035680 0.076869
2 0.046928 0.159920 0.021166 0.037091
2 0.066582 0.173628 0.019352 0.030103