2 0.632311 0.567715 0.103774 0.373166
2 0.616391 0.289937 0.081368 0.228512
2 0.555660 0.087841 0.089623 0.175681
1 0.077476 0.283648 0.038915 0.119497
1 0.116981 0.348637 0.049528 0.123690
1 0.229009 0.268973 0.051887 0.153040
1 0.356958 0.134801 0.038915 0.119497
1 0.354674 0.301004 0.033205 0.113649
1 0.341329 0.414929 0.037550 0.135165
1 0.319607 0.520689 0.042515 0.121373
1 0.318986 0.646309 0.053066 0.145095
1 0.468657 0.768509 0.037860 0.152267
1 0.559335 0.426735 0.037860 0.136268
1 0.558404 0.328258 0.034757 0.132406
1 0.636979 0.038619 0.027929 0.077237
1 0.639461 0.080823 0.027309 0.099857
1 0.617118 0.103443 0.023585 0.081099
1 0.611997 0.173232 0.015827 0.101512
1 0.646909 0.156681 0.024206 0.094891
1 0.646288 0.224650 0.022964 0.111442
1 0.670339 0.274137 0.029481 0.099857
1 0.662270 0.373331 0.031964 0.095443
1 0.705251 0.390985 0.032274 0.125234
1 0.681790 0.461437 0.030412 0.146751
1 0.720426 0.609511 0.057411 0.133510
1 0.705996 0.690941 0.039101 0.164405
1 0.738270 0.830575 0.052135 0.156129
0 0.535040 0.625037 0.097709 0.290506
0 0.393110 0.722372 0.078336 0.269542
0 0.397321 0.440851 0.069912 0.275532
0 0.509771 0.354747 0.060647 0.244085
0 0.435647 0.235699 0.067385 0.215633
0 0.396900 0.111411 0.057278 0.098832
0 0.466392 0.080713 0.063174 0.145253