0 0.367571 0.787841 0.104953 0.167715
0 0.543868 0.542558 0.066038 0.113208
0 0.557632 0.443746 0.045960 0.074719
0 0.447720 0.388002 0.039006 0.056980
0 0.463897 0.351717 0.042332 0.048917
0 0.497309 0.381551 0.039006 0.059130
0 0.523615 0.330484 0.038401 0.046229
0 0.576288 0.305166 0.035377 0.041391
0 0.633739 0.275601 0.034168 0.036016
0 0.685837 0.231253 0.016933 0.025802
0 0.710934 0.289577 0.029632 0.044616
0 0.730739 0.265387 0.031749 0.033866
0 0.731646 0.236897 0.031144 0.023115
0 0.184718 0.380745 0.039006 0.071494
0 0.155691 0.349836 0.042030 0.060205
0 0.050708 0.269204 0.029330 0.045154
0 0.115112 0.300382 0.019654 0.045154
0 0.104076 0.285330 0.024190 0.038703
0 0.100750 0.263828 0.019956 0.034403
0 0.089562 0.255496 0.024190 0.037091
0 0.022436 0.203569 0.016328 0.020964
0 0.017900 0.190399 0.015119 0.026877
0 0.014574 0.127775 0.012700 0.019889
0 0.028332 0.151427 0.011792 0.016664
0 0.056301 0.208138 0.016933 0.025802
2 0.053882 0.164597 0.025399 0.054830
2 0.035287 0.161533 0.013002 0.025050
2 0.081852 0.212708 0.030539 0.062893
2 0.140209 0.295490 0.049286 0.101597
2 0.145501 0.250067 0.053822 0.074182
2 0.119194 0.218621 0.035075 0.052142
0 0.121130 0.254099 0.022980 0.037091
2 0.218039 0.328012 0.083152 0.132237
2 0.185535 0.294146 0.032656 0.060205
2 0.691280 0.454497 0.083454 0.200505
2 0.705642 0.362845 0.054729 0.141913
2 0.655449 0.237650 0.052310 0.063968
2 0.806785 0.248938 0.056241 0.061818
2 0.811623 0.207278 0.055636 0.046229
2 0.766872 0.238725 0.035075 0.063968
2 0.569878 0.263398 0.060776 0.084933
2 0.269726 0.732800 0.109348 0.192491
1 0.782697 0.667048 0.039666 0.137221
1 0.539490 0.533785 0.012095 0.010751
1 0.736877 0.640004 0.024190 0.101059
1 0.681997 0.612321 0.023283 0.100521
1 0.808237 0.422620 0.019352 0.056980
1 0.715711 0.233941 0.010885 0.035478
1 0.629233 0.295221 0.016328 0.045154
1 0.602594 0.262700 0.013002 0.040316
1 0.559567 0.322636 0.013304 0.045154
1 0.540215 0.307585 0.015723 0.041929
1 0.520108 0.298984 0.018445 0.041929
1 0.550496 0.482557 0.018142 0.059668
1 0.524794 0.486051 0.024794 0.062356
1 0.523283 0.515885 0.016933 0.074719
1 0.496372 0.537386 0.027213 0.075794
1 0.396771 0.492232 0.018747 0.075794
1 0.337204 0.561576 0.024794 0.080095
1 0.351264 0.471806 0.018445 0.073644
1 0.385129 0.425308 0.015421 0.056980
1 0.406447 0.376391 0.019352 0.061280
1 0.248851 0.392249 0.015723 0.058593
1 0.325653 0.401656 0.014514 0.056980
1 0.296474 0.409181 0.016026 0.056980
1 0.309627 0.392517 0.015723 0.055905
1 0.310232 0.369403 0.013304 0.054830
1 0.293753 0.361071 0.013607 0.036016
1 0.296021 0.377466 0.008466 0.045154
1 0.277727 0.365371 0.011792 0.041391
1 0.269110 0.390098 0.010885 0.054292
1 0.278181 0.408913 0.012700 0.058593
1 0.283775 0.381498 0.010583 0.046767
1 0.178096 0.447562 0.021771 0.068806
1 0.135764 0.444875 0.026609 0.068806
1 0.189586 0.399989 0.013304 0.059668
1 0.165699 0.395689 0.013304 0.058593
1 0.155872 0.388970 0.014816 0.053755
1 0.145410 0.377251 0.011188 0.054830
1 0.052371 0.224319 0.018747 0.031715
1 0.031053 0.190453 0.006955 0.022039
0 0.191915 0.245821 0.027516 0.045692