1 0.223113 0.409434 0.040094 0.119497
1 0.076297 0.408386 0.055425 0.129979
1 0.014269 0.715514 0.028538 0.140461
1 0.167689 0.124319 0.033019 0.094340
1 0.361091 0.187765 0.027818 0.105897
1 0.351415 0.305488 0.028423 0.117723
1 0.339018 0.415686 0.038099 0.140300
1 0.318759 0.530398 0.036889 0.120948
1 0.316340 0.650271 0.044146 0.152126
1 0.467223 0.775843 0.034470 0.158577
1 0.735789 0.834220 0.042332 0.159652
1 0.715530 0.613826 0.044146 0.130624
1 0.702377 0.704403 0.034168 0.175241
1 0.679396 0.468473 0.029935 0.137075
1 0.703133 0.389453 0.031447 0.125249
1 0.662010 0.383809 0.024794 0.123636
1 0.556634 0.430844 0.032354 0.154276
1 0.555273 0.335699 0.034470 0.124174
1 0.671232 0.288072 0.028725 0.113423
1 0.637216 0.037521 0.024190 0.070956
1 0.636006 0.082137 0.027213 0.072031
1 0.620283 0.121109 0.027213 0.094071
1 0.611514 0.180777 0.021166 0.081170
1 0.646438 0.224856 0.025097 0.100521
1 0.643717 0.156856 0.024492 0.086008
0 0.394412 0.722948 0.080431 0.253185
0 0.396831 0.442133 0.078012 0.261786
0 0.430394 0.233134 0.058055 0.177928
0 0.534954 0.629468 0.082245 0.273934
0 0.503356 0.358813 0.066219 0.217707
0 0.462536 0.071763 0.051101 0.141375
0 0.394775 0.089233 0.054427 0.164490
2 0.634670 0.568134 0.087264 0.364780
2 0.608726 0.298742 0.084906 0.262055
2 0.553891 0.082809 0.100236 0.165618