2 0.700708 0.491614 0.108491 0.245283
2 0.708962 0.367925 0.068396 0.157233
2 0.700668 0.226182 0.053721 0.055905
2 0.603282 0.252388 0.061910 0.079199
2 0.222746 0.330713 0.081892 0.133357
2 0.181201 0.297577 0.033301 0.058933
2 0.140164 0.299728 0.057843 0.091186
2 0.142689 0.254717 0.051756 0.072211
2 0.081958 0.219776 0.032757 0.068717
2 0.062140 0.187456 0.020637 0.044840
1 0.214623 0.729851 0.038653 0.113557
1 0.372427 0.786164 0.038593 0.131504
1 0.784228 0.674891 0.030842 0.115573
1 0.736756 0.641832 0.022980 0.097834
1 0.680969 0.612267 0.026911 0.094608
1 0.612814 0.310703 0.015421 0.049454
1 0.491443 0.542439 0.029330 0.082245
1 0.523948 0.524969 0.016933 0.086008
1 0.525460 0.494060 0.012700 0.071494
1 0.551010 0.482503 0.015421 0.062356
1 0.540911 0.301887 0.015421 0.045154
1 0.556634 0.283073 0.013607 0.040854
1 0.584754 0.290061 0.010583 0.039779
1 0.600327 0.296780 0.011490 0.038166
1 0.448627 0.344084 0.014816 0.051067
1 0.447871 0.411815 0.018142 0.062893
1 0.432753 0.371768 0.015119 0.054830
1 0.406749 0.396226 0.014514 0.052142
1 0.405539 0.437618 0.024190 0.057518
1 0.326046 0.401602 0.015421 0.056443
1 0.250000 0.393001 0.016328 0.059668
1 0.279028 0.371768 0.015723 0.048379
1 0.294448 0.364780 0.015119 0.058055
1 0.311684 0.383863 0.013909 0.068269
1 0.296414 0.409934 0.013607 0.058055
1 0.275702 0.399989 0.018142 0.069344
1 0.285529 0.380100 0.016630 0.055367
1 0.178429 0.450250 0.025701 0.066656
1 0.136248 0.441918 0.024190 0.060743
1 0.189314 0.399452 0.017235 0.057518
1 0.164822 0.397570 0.010583 0.059130
1 0.155600 0.390313 0.012095 0.061818
1 0.147134 0.384938 0.016933 0.059668
1 0.051766 0.224964 0.013909 0.029565
1 0.026367 0.172284 0.006652 0.025265
1 0.041939 0.157233 0.008164 0.017739
0 0.055243 0.285277 0.028725 0.060743
0 0.015481 0.177767 0.014514 0.022039
0 0.024704 0.187712 0.015421 0.027952
0 0.039822 0.172392 0.015421 0.036016
0 0.087446 0.247111 0.022980 0.053217
0 0.100296 0.261624 0.023283 0.029565
0 0.106646 0.286620 0.021468 0.046229
0 0.153665 0.346288 0.032656 0.054830
0 0.181029 0.377842 0.030539 0.062893
0 0.407928 0.608450 0.069243 0.111272
0 0.380564 0.496372 0.062288 0.115035
0 0.558297 0.442509 0.045356 0.090308
0 0.552250 0.541687 0.053822 0.080095
0 0.484821 0.352201 0.041122 0.049454
0 0.535166 0.337956 0.029935 0.046767
0 0.500091 0.324786 0.042634 0.048379
0 0.562591 0.310918 0.035075 0.038703
0 0.689314 0.291673 0.037796 0.045154
0 0.762337 0.272322 0.028423 0.044079
0 0.694455 0.319895 0.029330 0.051067
0 0.665729 0.261839 0.034773 0.032790