0 0.396462 0.724319 0.075472 0.278826
0 0.153538 0.398323 0.099057 0.222222
0 0.156486 0.634172 0.086085 0.182390
0 0.088679 0.952830 0.106132 0.094340
0 0.537382 0.647799 0.095519 0.293501
0 0.637028 0.562893 0.103774 0.345912
0 0.509080 0.352201 0.074292 0.251572
0 0.397641 0.437107 0.080189 0.278826
0 0.431840 0.229560 0.051887 0.228512
0 0.403538 0.088050 0.061321 0.159329
0 0.472524 0.091195 0.062500 0.182390
1 0.319222 0.646751 0.041274 0.153040
1 0.320401 0.531447 0.038915 0.140461
1 0.345755 0.412998 0.049528 0.142558
1 0.356958 0.306080 0.036557 0.125786
1 0.369929 0.247379 0.036557 0.121593
1 0.113443 0.167715 0.035377 0.109015
1 0.145283 0.208595 0.049528 0.119497
1 0.023821 0.583857 0.042453 0.153040
1 0.737854 0.834382 0.050708 0.171908
1 0.473113 0.769392 0.049528 0.163522
1 0.724292 0.613208 0.037736 0.140461
1 0.703066 0.697065 0.058962 0.157233
1 0.710141 0.387841 0.033019 0.142558
1 0.686557 0.445493 0.035377 0.178197
1 0.674764 0.274633 0.028302 0.100629
1 0.665920 0.371069 0.031840 0.109015
1 0.617501 0.108746 0.028423 0.080095
1 0.561109 0.427350 0.024492 0.130087
1 0.557481 0.325646 0.031749 0.118260
1 0.612361 0.182659 0.026609 0.092458
1 0.646075 0.221093 0.032354 0.097296
1 0.646831 0.161157 0.023585 0.094608
1 0.680364 0.091276 0.024492 0.103209
1 0.640451 0.082406 0.028120 0.091921
1 0.636823 0.027576 0.021468 0.051067
2 0.559454 0.091719 0.093357 0.183438
2 0.613994 0.275157 0.084513 0.256813